Locus_allele	J19	J82	J83	J95	J320	J323	J348	J371	J376	J377	J390	J446	J450	J573	J575	J576	J579	J603	J613	J620	J630	J650	J659	J660	J677	J691	V62	V110	V165	V167	V186	B1	B18	B30	B33	B40	B46	B504	B508	B511	B523	B524	B525	B545	B698	B710	B711	B721	B825	B827	B851	B860	B861	B864	B867	B868	B1013	B1014	B1015	B1146	B1154	B1155	B1161	B1162	B1168	B1179	B1186	B1194	B1198	B1220	B1264	B1266	B1278	B1275	B1278	B1280	B1282	B1289	B1293	B1294	B1298	B1306	B1313	B1326	B1361	B1367	B1404	B1406	B1409	B1457	B1458	B1459	B1460	B1484	B1487	B1488	B1489	B1491	B1494
SMMS2	NA	NA	NA	NA	NA	NA	NA	NA	NA	NA	NA	NA	NA	NA	NA	NA	NA	NA	NA	NA	NA	NA	NA	NA	NA	NA	NA	NA	NA	NA	NA	NA	NA	NA	NA	NA	NA	NA	NA	NA	NA	NA	NA	NA	NA	NA	NA	NA	NA	NA	NA	NA	NA	NA	NA	NA	NA	NA	NA	NA	NA	NA	NA	NA	NA	NA	NA	NA	NA	NA	NA	NA	NA	NA	NA	NA	NA	NA	NA	NA	NA	NA	NA	NA	NA	NA	NA	NA	NA	NA	NA	NA	NA	NA	NA	NA	NA	NA	NA
n	9376	13824	45144	42081	3119	5185	8232	15864	8208	38880	8976	4292	41928	109735	28663	1536	14408	49712	14128	7304	7416	7544	22176	22056	74112	13720	16729	4992	2664	1642	55536	1344	3552	1000	25056	15912	1896	3072	864	732	1152	2124	15264	59496	31016	1272	2772	876	2844	1344	2832	34960	992	9256	31116	11062	22572	11016	76104	5256	4224	876	1848	2760	109104	18664	2112	1030	5448	10224	193428	14904	27656	5110	8304	10296	1536	105984	2432	1248	13569	276	10801	6336	432	864	552	1920	41072	1104	2024	16216	5775	5904	14976	3792	3552	10272	3480
212	0.002	0.006	0.005	0.006	0.005	0.003	0	0	0	0	0	0	0	0.007	0.004	0	0	0	0	0	0.001	0	0.003	0.139	0.004	0.005	0.006	0	0.005	0.005	0	0	0	0	0	0.008	0	0	0	0	0	0	0	0	0	0	0	0	0	0	0	0	0	0	0	0	0	0	0	0	0	0	0	0	0	0	0	0	0	0	0	0	0	0	0	0	0	0	0	0	0	0	0	0	0	0	0	0	0	0	0	0	0	0	0	0	0	0	0
215.9	0.697	0.773	0.743	0.748	0.819	0.719	0.73	0.773	0.705	0.784	0.79	0.751	0.735	0.67	0.71	0.834	0.752	0.696	0.772	0.813	0.814	0.681	0.735	0.58	0.726	0.727	0.663	0.862	0.913	0.839	0.737	0.721	0.713	0.827	0.774	0.654	0.678	0.694	0.745	0.844	0.629	0.783	0.731	0.615	0.759	0.688	0.518	0.683	0.948	0.696	0.798	0.736	0.767	0.727	0.732	0.734	0.698	0.779	0.716	0.731	0.811	0.795	0.683	0.763	0.738	0.711	0.696	0.73	0.756	0.848	0.722	0.723	0.716	0.729	0.744	0.694	0.73	0.743	0.715	0.738	0.756	0.866	0.743	0.723	0.778	0.875	0.737	0.699	0.738	0.874	0.696	0.729	0.759	0.767	0.715	0.784	0.807	0.794	0.828
219.8	0	0	0	0	0	0.008	0	0	0	0.001	0.025	0	0.009	0	0	0	0	0	0	0	0	0	0	0	0	0	0	0	0	0	0	0	0	0	0	0	0	0	0	0	0	0	0	0	0	0	0	0	0	0	0	0	0	0	0	0	0	0	0	0	0	0	0	0	0	0	0	0	0	0	0	0	0	0	0	0	0	0	0.016	0	0.003	0	0.006	0	0	0	0	0	0.024	0	0.011	0.009	0.008	0	0	0	0	0	0
235.2	0.301	0.221	0.252	0.246	0.176	0.27	0.27	0.227	0.295	0.215	0.185	0.249	0.256	0.323	0.286	0.166	0.248	0.304	0.228	0.187	0.185	0.319	0.262	0.281	0.27	0.268	0.331	0.138	0.082	0.156	0.263	0.279	0.287	0.173	0.226	0.338	0.322	0.306	0.255	0.156	0.371	0.217	0.269	0.385	0.241	0.312	0.482	0.317	0.052	0.304	0.202	0.264	0.233	0.273	0.268	0.266	0.302	0.221	0.284	0.269	0.189	0.205	0.317	0.237	0.262	0.289	0.304	0.27	0.244	0.152	0.278	0.277	0.284	0.271	0.256	0.306	0.27	0.257	0.269	0.262	0.241	0.134	0.252	0.277	0.222	0.125	0.263	0.301	0.238	0.126	0.293	0.262	0.233	0.233	0.285	0.216	0.193	0.206	0.172
SMMS13	NA	NA	NA	NA	NA	NA	NA	NA	NA	NA	NA	NA	NA	NA	NA	NA	NA	NA	NA	NA	NA	NA	NA	NA	NA	NA	NA	NA	NA	NA	NA	NA	NA	NA	NA	NA	NA	NA	NA	NA	NA	NA	NA	NA	NA	NA	NA	NA	NA	NA	NA	NA	NA	NA	NA	NA	NA	NA	NA	NA	NA	NA	NA	NA	NA	NA	NA	NA	NA	NA	NA	NA	NA	NA	NA	NA	NA	NA	NA	NA	NA	NA	NA	NA	NA	NA	NA	NA	NA	NA	NA	NA	NA	NA	NA	NA	NA	NA	NA
n	9376	13824	45144	42081	3119	0	7956	0	0	38880	8976	7584	41928	109735	28663	0	14408	49712	14128	7304	7416	7544	22176	22056	74112	13720	16729	0	2664	1642	55536	1344	3552	1000	32496	15912	1896	3072	864	732	1152	2124	15264	59496	31016	1272	2772	876	3528	1344	2832	34960	992	9256	31116	11062	22572	11016	76104	5256	0	876	1848	0	109104	18664	2112	1030	5448	10224	193428	14904	27656	5110	6215	10296	1536	105984	2432	1920	13569	193	8543	6336	432	864	3840	1920	49776	1104	2024	19800	5775	5904	14976	3792	3552	17856	1584
179.7	0	0	0	0	0	0	0	0	0	0	0	0	0	0	0	0	0	0	0	0	0	0	0	0	0	0	0	0	0	0	0	0	0	0	0.005446824	0	0	0	0	0	0	0	0	0	0	0	0	0	0	0	0	0	0	0	0.006	0.007	0	0	0	0.006	0	0	0	0	0.0085	0.001	0	0	0	0	0.008	0	0.018	0.007	0	0	0	0.006	0.006	0	0	0	0.001170549	0	0	0	0	0	0.01	0.019	0	0	0.001	0	0	0	0	0	0
182.6	0.16	0.193	0.125	0.162	0	0	0.108471594	0	0	0.078	0.188	0.228639241	0.245	0.136	0.137	0	0.106	0.122	0.132	0.064	0	0.108	0.056	0.555	0.163	0.124	0.311	0	0.04	0.133	0.117	0.109	0.035	0.102	0.05465288	0.083	0.076	0.113	0.19	0.205	0.194	0.076	0.114	0	0.134	0.162	0.23	0.102	0.039399093	0.131	0.145	0.121	0.162	0.126	0.117	0.13	0.097	0.173	0.109	0.122	0	0.075	0.213	0	0.127	0.132	0.124	0.151	0.119	0.072	0.115	0.121	0.139	0.102	0.120675784	0.111	0.1	0.114	0.15	0.120833333	0.193	0.088082902	0.119630107	0	0.009	0.11	0.155729167	0.086	0.147	0.112	0.168	0.156262626	0.122	0.15	0.134	0.215	0	0.228326613	0.134469697
185.6	0.779	0.775	0.837	0.806	1	0	0.845651081	0	0	0.872	0.812	0.771360759	0.704	0.824	0.834	0	0.838	0.82	0.777	0.862	1	0.754	0.944	0.401	0.81	0.853	0.636	0	0.807	0.716	0.651	0.824	0.965	0.83	0.917435992	0.821	0.853	0.824	0.737	0.686	0.795	0.905	0.833	1	0.817	0.76	0.77	0.747	0.93537415	0.84	0.811	0.833	0.742	0.814	0.81	0.794	0.839	0.749	0.853	0.824	0	0.877	0.787	0	0.814	0.813	0.712	0.763	0.815	0.928	0.817	0.809	0.784	0.839	0.79694288	0.88	0.867	0.821	0.793	0.739583333	0.754	0.85492228	0.865972141	1	0.991	0.823	0.73125	0.778	0.796	0.802	0.803	0.789090909	0.803	0.807	0.802	0.719	1	0.691140233	0.795454545
188.6	0.061	0.027	0.038	0.032	0	0	0.045877325	0	0	0.05	0	0	0.051	0.04	0.029	0	0.056	0.054	0.088	0.074	0	0.138	0	0.044	0.027	0.023	0.053	0	0.153	0.122	0.232	0.067	0	0	0.018402265	0.096	0.071	0.063	0.073	0.109	0.011	0.019	0.053	0	0.049	0.078	0	0.151	0.025226757	0.029	0.044	0.046	0.096	0.06	0.062	0.057	0.042	0.078	0.035	0.046	0	0.048	0	0	0.042	0.051	0.164	0.076	0.066	0	0.049	0.062	0.059	0.041	0.068222043	0.009	0.033	0.046	0.032	0.139583333	0.052	0.056994819	0.011822545	0	0	0	0.113020833	0.136	0.047	0.067	0.029	0.054646465	0.074	0.038	0.052	0.066	0	0.080533154	0.070075758
191.7	0	0.005	0	0	0	0	0	0	0	0	0	0	0	0	0	0	0	0.004	0.003	0	0	0	0	0	0	0	0	0	0	0.029	0	0	0	0.068	0.004062038	0	0	0	0	0	0	0	0	0	0	0	0	0	0	0	0	0	0	0	0.005	0.012	0.022	0	0.003	0.002	0	0	0	0	0.0085	0.003	0	0.01	0	0	0.011	0.008	0	0.011	0.014159292	0	0	0.013	0.019	0	0.001	0	0.001404659	0	0	0.067	0	0	0	0	0	0	0	0.005	0.012	0	0	0	0
194.8	0	0	0	0	0	0	0	0	0	0	0	0	0	0	0	0	0	0	0	0	0	0	0	0	0	0	0	0	0	0	0	0	0	0	0	0	0	0	0	0	0	0	0	0	0	0	0	0	0	0	0	0	0	0	0	0	0	0	0	0	0	0	0	0	0	0	0	0	0	0	0	0	0	0	0	0	0	0	0	0	0	0	0	0	0	0	0	0	0	0	0	0	0	0	0	0	0	0	0
SMMS16	NA	NA	NA	NA	NA	NA	NA	NA	NA	NA	NA	NA	NA	NA	NA	NA	NA	NA	NA	NA	NA	NA	NA	NA	NA	NA	NA	NA	NA	NA	NA	NA	NA	NA	NA	NA	NA	NA	NA	NA	NA	NA	NA	NA	NA	NA	NA	NA	NA	NA	NA	NA	NA	NA	NA	NA	NA	NA	NA	NA	NA	NA	NA	NA	NA	NA	NA	NA	NA	NA	NA	NA	NA	NA	NA	NA	NA	NA	NA	NA	NA	NA	NA	NA	NA	NA	NA	NA	NA	NA	NA	NA	NA	NA	NA	NA	NA	NA	NA
n	9376	13824	45144	42081	3119	5185	8232	15864	8208	38880	8976	4292	41928	109735	28663	1536	14408	49712	14128	7304	7416	7544	22176	22056	74112	13720	16729	4992	2664	1642	55536	1344	3552	1000	32497	15912	1896	3072	864	792	1152	2124	15264	59496	31016	2728	2772	876	2844	1344	2832	34960	992	9256	31116	11062	22572	11016	76104	5256	4224	876	1848	2760	109104	18664	2112	1030	5448	10224	193428	14904	27656	5110	8304	10296	1536	105984	2432	1248	13569	193	8544	6336	432	864	552	1920	41072	1104	2785	16216	5775	5904	16672	3792	3552	10272	1584
208	0.001	0	0	0.001	0.002	0.002	0	0	0.001	0.001	0.003	0.001	0.002	0	0	0.001	0.002	0.003	0.001	0.001	0.002	0.003	0.003	0.002	0.001	0	0	0	0	0	0.002	0	0	0	0	0	0	0	0	0	0	0	0	0	0	0	0	0	0	0	0	0	0	0	0	0	0	0	0	0	0	0	0	0	0	0	0	0	0	0	0	0	0	0	0	0	0	0	0	0	0	0	0	0	0	0	0	0	0	0	0	0	0	0	0	0	0	0	0
211.2	0.213	0.22	0.209	0.241	0.203	0.218	0.258	0.157	0.24	0.155	0.3	0.096	0.216	0.195	0.233	0.156	0.241	0.238	0.188	0.202	0.24	0.253	0.255	0.247	0.21	0.2	0.373	0.164	0.127	0.323	0.189	0.004	0.005	0	0.003754193	0.008	0	0	0	0	0	0	0.009	0	0	0	0	0.005	0	0.068	0.005	0.005	0	0.016	0.008	0.007	0	0.001	0.02	0.017	0.025	0	0	0.011	0.008	0.005	0	0	0	0	0.006	0.012	0	0.004	0.016	0.001	0.002	0.006	0	0	0.028	0	0.003745318	0	0.023	0.002	0	0	0.012	0.005	0.013644524	0.002	0	0.005	0.003119002	0.002	0	0	0.011994949
214.3	0.157	0.207	0.255	0.208	0.241	0.246	0.161	0.299	0.181	0.222	0.225	0.153	0.278	0.229	0.25	0.204	0.178	0.204	0.226	0.193	0.17	0.133	0.243	0.365	0.237	0.17	0.119	0.056	0.091	0.0475	0.148	0.477	0.367	0.252	0.40172939	0.391	0.454	0.352	0.359	0.189393939	0.308	0.277	0.372	0.251	0.352	0.28372434	0.058	0.326	0.24	0.299	0.389	0.353	0.212	0.348	0.392	0.3	0.295	0.361	0.351	0.346	0.35	0.256	0.416	0.388	0.362	0.343	0.33	0.41	0.217	0.257	0.361	0.356	0.354	0.374	0.391	0.355	0.349	0.347	0.397	0.321	0.346	0.284974093	0.336610487	0.699	0.278	0.586	0.371	0.327	0.336	0.374	0.40502693	0.366	0.33	0.373	0.326355566	0.358	0.417	0.266	0.379419192
217.4	0.269	0.163	0.163	0.134	0.067	0.154	0.082	0.135	0.284	0.197	0.096	0.351	0.162	0.166	0.117	0.143	0.13	0.131	0.147	0.145	0.206	0.098	0.154	0.289	0.145	0.131	0.107	0.279	0.147	0.0475	0.239	0.161	0.249	0.293	0.223959135	0.154	0.217	0.231	0.226	0.45959596	0.207	0.271	0.26	0.287	0.265	0.347507331	0.329	0.301	0.274	0.28	0.23	0.269	0.398	0.246	0.245	0.306	0.228	0.237	0.251	0.25	0.148	0.256	0.28	0.291	0.267	0.281	0.19	0.229	0.309	0.143	0.258	0.249	0.262	0.228	0.268	0.264	0.24	0.253	0.335	0.331	0.28	0.32642487	0.273174157	0.125	0.273	0.168	0.489	0.268	0.256	0.302	0.261400359	0.259	0.299	0.293	0.281549904	0.324	0.241	0.336	0.217171717
220.5	0.157	0.181	0.199	0.225	0.244	0.21	0.225	0.101	0.211	0.186	0.197	0.125	0.207	0.22	0.152	0.232	0.256	0.225	0.237	0.281	0.184	0.266	0.17	0.062	0.188	0.234	0.264	0.25	0.219	0.361	0.239	0.073	0.146	0.212	0.149059913	0.17	0.097	0.133	0.138	0.113636364	0.141	0.16	0.149	0.076	0.147	0.092375367	0.202	0.087	0.236	0.12	0.126	0.134	0.226	0.145	0.127	0.131	0.225	0.146	0.128	0.153	0.112	0.169	0.117	0.143	0.131	0.125	0.128	0.134	0.203	0.202	0.133	0.102	0.148	0.122	0.119	0.159	0.168	0.144	0.106	0.054	0.191	0.067357513	0.150514981	0.176	0.241	0.027	0.14	0.127	0.146	0.156	0.159425494	0.122	0.141	0.134	0.148872361	0.114	0.091	0.148	0.123106061
223.6	0.203	0.229	0.174	0.188	0.239	0.169	0.263	0.307	0.083	0.233	0.162	0.274	0.128	0.183	0.242	0.264	0.193	0.196	0.193	0.177	0.197	0.246	0.174	0.035	0.213	0.261	0.137	0.251	0.416	0.221	0.183	0.197	0.176	0.075	0.149244546	0.15	0.13	0.157	0.146	0.181818182	0.339	0.195	0.153	0.153	0.144	0.200146628	0.411	0.123	0.135	0.059	0.177	0.148	0.151	0.179	0.142	0.178	0.16	0.146	0.153	0.17	0.258	0.203	0.161	0.108	0.152	0.166	0.305	0.179	0.142	0.207	0.149	0.16	0.145	0.163	0.131	0.13	0.201	0.156	0.106	0.175	0.059	0.227979275	0.152855805	0	0.009	0.115	0	0.198	0.166	0.065	0.134290844	0.162	0.145	0.12	0.150551823	0.129	0.108	0.192	0.198232323
226.6	0	0	0	0.003	0.005	0	0.011	0	0	0.006	0.017	0	0.007	0.007	0.006	0	0	0.003	0.008	0.001	0.001	0.001	0.001	0	0.006	0.004	0	0	0	0	0	0.088	0.057	0.168	0.072252823	0.127	0.102	0.127	0.131	0.055555556	0.005	0.097	0.057	0.233	0.092	0.076246334	0	0.158	0.115	0.174	0.073	0.091	0.013	0.066	0.082	0.078	0.092	0.109	0.097	0.059	0.107	0.116	0.026	0.059	0.08	0.08	0.047	0.048	0.129	0.191	0.093	0.121	0.091	0.109	0.075	0.089	0.04	0.094	0.056	0.119	0.096	0.093264249	0.083099251	0	0.176	0.102	0	0.08	0.084	0.093	0.026211849	0.089	0.085	0.075	0.089551344	0.073	0.143	0.058	0.070075758
229.7	0	0	0	0	0	0	0	0	0	0	0	0	0	0	0	0	0	0	0	0	0	0	0	0	0	0	0	0	0	0	0	0	0	0	0	0	0	0	0	0	0	0	0	0	0	0	0	0	0	0	0	0	0	0	0.004	0	0	0	0	0.005	0	0	0	0	0	0	0	0	0	0	0	0	0	0	0	0.002	0	0	0	0	0	0	0	0	0	0	0	0	0	0.005	0	0	0	0	0	0	0	0	0
SMMS3	NA	NA	NA	NA	NA	NA	NA	NA	NA	NA	NA	NA	NA	NA	NA	NA	NA	NA	NA	NA	NA	NA	NA	NA	NA	NA	NA	NA	NA	NA	NA	NA	NA	NA	NA	NA	NA	NA	NA	NA	NA	NA	NA	NA	NA	NA	NA	NA	NA	NA	NA	NA	NA	NA	NA	NA	NA	NA	NA	NA	NA	NA	NA	NA	NA	NA	NA	NA	NA	NA	NA	NA	NA	NA	NA	NA	NA	NA	NA	NA	NA	NA	NA	NA	NA	NA	NA	NA	NA	NA	NA	NA	NA	NA	NA	NA	NA	NA	NA
n	9376	13824	45144	42081	3119	5185	8785	15864	8208	38880	8976	4292	41928	109735	28663	1536	14408	49712	14128	7304	7416	7544	22176	22056	74112	13720	16729	4992	2664	1642	55536	1344	3552	1000	32494	15912	1896	3072	864	1078	1152	2124	15264	59496	31016	1272	0	720	0	0	2832	34960	0	9256	31116	11062	22572	11016	76104	5256	0	876	0	1201	109104	18664	0	1559	0	10224	193428	14904	39430	5110	8304	14628	1536	105984	2432	1248	13569	276	8543	6336	720	864	552	1920	41072	1104	2782	16216	5775	5904	18096	3792	0	17857	1584
170	0	0	0	0	0	0	0	0	0	0	0	0	0	0	0	0	0	0	0	0	0	0	0	0	0	0	0	0	0	0	0	0	0	0	0	0	0	0	0	0	0	0	0	0	0	0	0	0	0	0	0	0	0	0	0	0	0	0	0	0	0	0	0	0	0	0	0	0	0	0	0	0	0	0	0	0	0	0	0	0	0	0	0	0	0	0	0	0	0	0	0	0	0	0	0	0	0	0	0
173	0	0	0	0	0	0	0	0	0	0	0	0	0	0	0	0	0	0	0	0	0	0	0	0	0	0	0	0	0	0	0	0	0	0	0	0	0	0	0	0	0	0	0	0	0	0	0	0	0	0	0	0	0	0	0	0	0.016	0	0	0	0	0	0	0	0	0	0	0	0	0	0	0	0	0	0	0	0	0	0	0	0	0	0	0	0	0	0	0	0	0	0	0	0	0	0	0	0	0	0
176.3	0	0	0	0.015	0.015	0	0.02014798	0	0.044	0	0.032	0	0.01	0.014	0.01	0	0	0.01	0.003	0.03	0	0.001	0.022	0	0.003	0	0	0	0	0	0.01	0	0	0	0.004370038	0	0	0.0065	0	0	0	0	0.031	0	0.007	0	0	0	0	0	0	0	0	0	0.016	0.01	0	0.013	0.006	0.006	0	0	0	0.009159034	0.015	0.01	0	0.031430404	0	0.139	0.015	0.011	0.012072026	0.021	0.006	0.004511895	0.018	0.01	0.022	0	0.031	0	0.000936439	0.082	0	0	0	0.019	0.018	0.045	0.056793674	0.013	0.003	0.024	0.002099912	0	0	0	0.043560606
179.3	0.011	0.002	0.026	0.017	0.006	0.009	0.00580535	0.003	0	0.006	0	0.008	0.012	0.014	0.006	0	0.017	0.026	0.014	0.001	0.002	0.021	0	0	0	0.01	0.01	0.004	0.018	0.013	0.012	0.015	0.007	0	0.023327384	0	0	0.013	0.017	0.018552876	0.576	0	0.015	0.028	0.009	0	0	0	0	0	0	0	0	0	0.017	0.01	0.005	0.004	0.007	0.007	0	0.041	0	0.009991674	0.013	0.019	0	0	0	0	0.019	0.009	0.00091301	0.016	0.005	0.00232431	0.028	0.01	0.003	0.002	0	0	0.000936439	0	0	0	0	0.006	0.017	0.01	0	0.002	0.023	0.006	0.008178603	0.03	0	0.060760486	0
182.3	0.127	0.084	0.099	0.125	0.174	0.166	0.133636881	0.107	0.125	0.112	0.096	0.173	0.129	0.12	0.191	0.167	0.132	0.106	0.126	0.143	0.132	0.199	0.113	0.131	0.113	0.119	0.199	0.124	0.23	0.411	0.293	0.178	0.157	0.145	0.153505263	0.099	0.14	0.145	0.159	0.280148423	0.106	0.115	0.136	0.171	0.162	0.188	0	0.026388889	0	0	0.162	0.176	0	0.145	0.123	0.164	0.17	0.126	0.153	0.127	0	0.162	0	0.134887594	0.144	0.158	0	0.091084028	0	0.202	0.147	0.149	0.164443317	0.141	0.137	0.207136998	0.227	0.143	0.125	0.14	0.101	0.065	0.178391666	0.286	0.045833333	0.269	0.071	0.12	0.135	0.17	0.190869878	0.155	0.163	0.169	0.19678382	0.121	0	0.200985608	0.167929293
185.4	0.193	0.288	0.237	0.212	0.235	0.251	0.210472396	0.242	0.07	0.286	0.193	0.204	0.239	0.217	0.258	0.105	0.235	0.234	0.237	0.212	0.238	0.262	0.248	0.173	0.25	0.226	0.199	0.018	0.052	0.08	0.02	0.234	0.299	0.194	0.258447713	0.27	0.243	0.282	0.301	0.155844156	0.102	0.282	0.307	0.269	0.268	0.183	0	0.415277778	0	0	0.357	0.261	0	0.237	0.228	0.24	0.253	0.287	0.277	0.283	0	0.267	0	0.2805995	0.232	0.257	0	0.345734445	0	0.338	0.258	0.279	0.248490997	0.286	0.244	0.222655182	0.33	0.258	0.3	0.131	0.239	0.087	0.279292988	0.226	0.156944444	0.179	0.107	0.284	0.252	0.267	0.191229331	0.271	0.233	0.271	0.250773652	0.306	0	0.271434171	0.14709596
188.4	0.096	0.127	0.115	0.095	0.105	0.028	0.064086511	0.131	0.096	0.113	0.135	0.096	0.073	0.092	0.073	0.038	0.053	0.096	0.099	0.172	0.173	0.057	0.144	0.024	0.112	0.094	0.094	0.13	0.208	0.049	0.141	0.159	0.166	0.196	0.146950206	0.151	0.185	0.17	0.179	0.166975881	0.03	0.217	0.133	0.083	0.127	0.146	0	0.056944444	0	0	0.11	0.147	0	0.156	0.141	0.109	0.087	0.154	0.116	0.13	0	0.135	0	0.132389675	0.139	0.12	0	0.071840924	0	0.033	0.124	0.132	0.144965762	0.117	0.136	0.174938474	0.147	0.143	0.171	0.219	0.101	0.377	0.118225448	0.242	0.051388889	0.096	0.165	0.179	0.133	0.12	0.109273904	0.116	0.141	0.107	0.153625111	0.123	0	0.089544716	0.142045455
191.4	0.082	0.127	0.094	0.098	0.143	0.117	0.086055777	0.209	0.06	0.15	0.141	0.058	0.089	0.094	0.124	0.135	0.172	0.102	0.113	0.123	0.083	0.069	0.042	0.083	0.119	0.094	0.063	0.137	0.032	0.181	0.127	0.171	0.171	0.155	0.146642457	0.085	0.114	0.113	0.106	0.114100186	0.016	0.19	0.074	0.098	0.127	0.2	0	0.248611111	0	0	0.099	0.138	0	0.138	0.137	0.122	0.179	0.13	0.135	0.114	0	0.151	0	0.114071607	0.15	0.13	0	0.159717768	0	0.114	0.139	0.127	0.13279229	0.133	0.138	0.110199617	0.093	0.103	0.13	0.117	0.086	0.37	0.131686761	0.115	0.036111111	0.072	0.201	0.097	0.123	0.161	0.145938174	0.134	0.143	0.136	0.109748011	0.119	0	0.115192922	0.138257576
194.5	0.134	0.183	0.151	0.147	0.117	0.141	0.141263517	0.183	0.217	0.136	0.2	0.161	0.168	0.165	0.119	0.182	0.136	0.158	0.152	0.148	0.086	0.107	0.133	0.225	0.128	0.145	0.145	0.222	0.107	0.179	0.237	0.086	0.038	0.044	0.106665846	0.101	0.222	0.099	0.095	0.162337662	0.038	0.07	0.116	0.128	0.135	0.09	0	0.030555556	0	0	0.108	0.117	0	0.117	0.129	0.11	0.12	0.126	0.121	0.106	0	0.099	0	0.139050791	0.129	0.117	0	0.105195638	0	0	0.12	0.11	0.124220137	0.12	0.135	0.133579437	0.061	0.143	0.114	0.135	0.121	0.007	0.119044832	0.049	0.268055556	0.084	0.332	0.148	0.132	0.077	0.122933142	0.137	0.098	0.114	0.121352785	0.114	0	0.119280954	0.151515152
197.5	0.243	0.143	0.174	0.212	0.112	0.171	0.207512806	0.105	0.267	0.146	0.115	0.22	0.19	0.183	0.112	0.317	0.174	0.173	0.157	0.108	0.21	0.174	0.123	0.201	0.166	0.188	0.271	0.267	0.235	0.067	0.125	0.078	0.079	0.162	0.099956915	0.182	0.057	0.098	0.071	0.083487941	0.042	0.073	0.109	0.165	0.091	0.073	0	0.091666667	0	0	0.103	0.096	0	0.097	0.105	0.108	0.123	0.078	0.099	0.123	0	0.097	0	0.10907577	0.099	0.106	0	0.075689545	0	0.117	0.093	0.079	0.102510779	0.09	0.112	0.112523927	0.038	0.098	0.065	0.106	0.097	0.036	0.112372703	0	0.204166667	0.087	0.1	0.082	0.103	0.056	0.106398275	0.103	0.106	0.112	0.100574713	0.104	0	0.105840847	0.110479798
200.5	0.094	0.028	0.079	0.056	0.058	0.059	0.115424018	0.005	0.121	0.037	0.071	0.057	0.05	0.073	0.072	0.056	0.069	0.071	0.072	0.056	0.07	0.079	0.131	0.054	0.077	0.086	0.019	0.098	0.05	0.005	0.026	0.057	0.054	0.104	0.053486798	0.072	0.039	0.049	0.056	0.018552876	0.083	0.005	0.05	0.055	0.058	0.097	0	0.130555556	0	0	0.054	0.06	0	0.086	0.071	0.091	0.026	0.072	0.063	0.07	0	0.048	0	0.054121565	0.059	0.07	0	0.078896729	0	0	0.065	0.09	0.068577225	0.051	0.071	0.0300793	0.058	0.068	0.045	0.016	0.174	0.036	0.055952242	0	0.2375	0.122	0.024	0.052	0.061	0.053	0.053918045	0.056	0.068	0.053	0.042329797	0.053	0	0.036960296	0.077651515
203.5	0.02	0.018	0.025	0.019	0.035	0.041	0.01457029	0.015	0	0.014	0.017	0.023	0.04	0.025	0.035	0	0.012	0.024	0.027	0.007	0.006	0.031	0.041	0.109	0.032	0.035	0	0	0.068	0.015	0.007	0.022	0.029	0	0.003692989	0.04	0	0.018	0.016	0	0.007	0.043	0.029	0.003	0.014	0.006	0	0	0	0	0.007	0.005	0	0.024	0.024	0.027	0.021	0.01	0.015	0.031	0	0	0	0.016652789	0.02	0.013	0	0.04041052	0	0.057	0.02	0.013	0.001014456	0.025	0.016	0.002050861	0	0.024	0.016	0.015	0.046	0.022	0.002224043	0	0	0.091	0	0.013	0.015	0.018	0.010783609	0.011	0.019	0.008	0.008344385	0.027	0	0	0.021464646
206.7	0	0	0	0.004	0	0.017	0.001024474	0	0	0	0	0	0	0.003	0	0	0	0	0	0	0	0	0.003	0	0	0.003	0	0	0	0	0.002	0	0	0	0.002954392	0	0	0.0065	0	0	0	0.005	0	0	0.002	0.017	0	0	0	0	0	0	0	0	0.009	0.009	0	0	0.008	0.003	0	0	0	0	0	0	0	0	0	0	0	0.001	0	0	0	0	0	0	0.009	0.119	0.004	0	0.000936439	0	0	0	0	0	0.011	0.011	0.01186197	0.002	0.003	0	0.006189213	0.003	0	0	0
209.5	0	0	0	0	0	0	0	0	0	0	0	0	0	0	0	0	0	0	0	0	0	0	0	0	0	0	0	0	0	0	0	0	0	0	0	0	0	0	0	0	0	0	0	0	0	0	0	0	0	0	0	0	0	0	0	0	0	0	0	0	0	0	0	0	0	0	0	0	0	0	0	0	0	0	0	0	0	0	0	0	0	0	0	0	0	0	0	0	0	0.012	0	0	0	0	0	0	0	0	0
212	0	0	0	0	0	0	0	0	0	0	0	0	0	0	0	0	0	0	0	0	0	0	0	0	0	0	0	0	0	0	0	0	0	0	0	0	0	0	0	0	0	0	0	0	0	0	0	0	0	0	0	0	0	0	0	0	0	0	0	0	0	0	0	0	0	0	0	0	0	0	0	0	0	0	0	0	0	0	0	0	0	0	0	0	0	0	0	0	0	0	0	0	0	0	0	0	0	0	0
215	0	0	0	0	0	0	0	0	0	0	0	0	0	0	0	0	0	0	0	0	0	0	0	0	0	0	0	0	0	0	0	0	0	0	0	0	0	0	0	0	0	0	0	0	0	0	0	0	0	0	0	0	0	0	0	0	0	0	0	0	0	0	0	0	0	0	0	0	0	0	0	0	0	0	0	0	0	0	0	0	0	0	0	0	0	0	0	0	0	0	0	0	0	0	0	0	0	0	0
392	0	0	0	0	0	0	0	0	0	0	0	0	0	0	0	0	0	0	0	0	0	0	0	0	0	0	0	0	0	0	0	0	0	0	0	0	0	0	0	0	0	0	0	0	0	0	0	0	0	0	0	0	0	0	0	0	0	0	0	0	0	0	0	0	0	0	0	0	0	0	0	0	0	0	0	0	0	0	0	0	0	0	0	0	0	0	0	0	0	0	0	0	0	0	0	0	0	0	0
395	0	0	0	0	0	0	0	0	0	0	0	0	0	0	0	0	0	0	0	0	0	0	0	0	0	0	0	0	0	0	0	0	0	0	0	0	0	0	0	0	0	0	0	0	0	0	0	0	0	0	0	0	0	0	0	0	0	0	0	0	0	0	0	0	0	0	0	0	0	0	0	0	0	0	0	0	0	0	0	0	0	0	0	0	0	0	0	0	0	0	0	0	0	0	0	0	0	0	0
401	0	0	0	0	0	0	0	0	0	0	0	0	0	0	0	0	0	0	0	0	0	0	0	0	0	0	0	0	0	0	0	0	0	0	0	0	0	0	0	0	0	0	0	0	0	0	0	0	0	0	0	0	0	0	0	0	0	0	0	0	0	0	0	0	0	0	0	0	0	0	0	0	0	0	0	0	0	0	0	0	0	0	0	0	0	0	0	0	0	0	0	0	0	0	0	0	0	0	0
415	0	0	0	0	0	0	0	0	0	0	0	0	0	0	0	0	0	0	0	0	0	0	0	0	0	0	0	0	0	0	0	0	0	0	0	0	0	0	0	0	0	0	0	0	0	0	0	0	0	0	0	0	0	0	0	0	0	0	0	0	0	0	0	0	0	0	0	0	0	0	0	0	0	0	0	0	0	0	0	0	0	0	0	0	0	0	0	0	0	0	0	0	0	0	0	0	0	0	0
SMMS18	NA	NA	NA	NA	NA	NA	NA	NA	NA	NA	NA	NA	NA	NA	NA	NA	NA	NA	NA	NA	NA	NA	NA	NA	NA	NA	NA	NA	NA	NA	NA	NA	NA	NA	NA	NA	NA	NA	NA	NA	NA	NA	NA	NA	NA	NA	NA	NA	NA	NA	NA	NA	NA	NA	NA	NA	NA	NA	NA	NA	NA	NA	NA	NA	NA	NA	NA	NA	NA	NA	NA	NA	NA	NA	NA	NA	NA	NA	NA	NA	NA	NA	NA	NA	NA	NA	NA	NA	NA	NA	NA	NA	NA	NA	NA	NA	NA	NA	NA
n	9376	13824	45144	42081	3119	5185	8232	15864	8208	38880	8976	4292	41928	109735	28663	1536	14408	49712	14128	7304	7416	7544	22176	22056	74112	13720	16729	4992	2664	1642	55536	1344	3552	1000	32497	15912	1896	3072	864	793	1152	2124	15264	59496	31016	1272	2772	876	2844	984	2832	34960	1333	9256	31116	11062	22572	11016	76104	5256	4224	876	1848	1200	109104	18664	2112	1030	7777	10224	193428	14904	39433	5110	8304	10296	1536	105984	0	1248	0	0	0	0	432	864	552	1920	0	1104	0	0	0	5904	18096	3792	3552	17856	1585
189.2	0	0	0	0	0	0	0	0	0	0	0	0	0	0	0	0	0	0	0	0	0	0	0	0	0	0	0.106	0.406	0.227	0.167	0.384	0	0	0	0	0	0	0	0	0	0	0	0	0	0	0	0	0	0	0	0	0	0	0	0	0	0	0	0	0	0	0	0	0	0	0	0	0	0	0	0	0	0	0	0	0	0	0	0	0	0	0	0	0	0	0	0	0	0	0	0	0	0	0	0	0	0	0	0
192.3	0	0	0	0	0	0	0	0	0	0	0	0	0	0	0	0	0	0	0	0	0	0	0	0	0	0	0	0	0	0	0	0	0	0	0	0	0	0.011	0	0.003783102	0	0	0	0	0.01	0.02	0	0	0	0	0	0	0	0	0	0	0	0	0	0	0	0	0	0	0	0	0	0	0	0	0	0	0	0	0	0	0	0	0	0	0	0	0	0	0	0	0	0	0	0	0	0	0	0	0	0	0	0	0
195.2	0	0.306	0.282	0	0.305	0.225	0.366	0.381	0.256	0.204	0.178	0.151	0.297	0.284	0.332	0.251	0.282	0.318	0.348	0.127	0.1	0.241	0.36	0.313	0.26	0.239	0	0	0	0	0	0.121	0.076	0.02	0.240760686	0.125	0.114	0.148	0.189	0.247162673	0.15	0.053	0.158	0.077	0.147	0.103	0.129	0.225	0.181	0.460365854	0.22	0.156	0.07651913	0.173	0.144	0.119	0.189	0.121	0.176	0.184	0.205	0.18	0.166	0.128333333	0.176	0.168	0.301	0.268	0.13437058	0	0.163	0.122	0.22701798	0.147	0.143	0.202	0.233	0.152	0	0.167	0	0	0	0	0.023	0.096	0.165	0.222	0	0.051	0	0	0	0.249	0.14826481	0.19	0.124	0.207717294	0.164037855
198.1	0	0	0	0	0.003	0	0	0	0	0	0	0	0	0	0	0	0	0	0	0	0	0	0.004	0.006	0.013	0	0.466	0.269	0.373	0.308	0.24	0	0	0	0	0	0	0.009	0	0	0	0	0	0	0.018	0.001	0	0	0	0	0	0	0	0	0	0	0.035	0	0	0	0	0	0	0	0.01	0.003	0	0	0	0	0.005	0	0.000659346	0.013	0	0	0	0.01	0	0	0	0	0	0	0	0	0	0	0	0	0	0	0	0	0	0	0	0	0
201.1	0	0	0	0	0.004	0.006	0.006	0.002	0	0	0	0	0	0	0	0.004	0	0	0	0	0.002	0	0.005	0.008	0.007	0	0.176	0.001	0.024	0.005	0.009	0	0	0	0	0	0	0	0	0	0	0	0	0	0	0	0	0	0	0	0	0	0	0	0	0	0	0	0	0	0	0	0	0	0.004	0.003	0	0	0	0	0.003	0	0.000507189	0	0	0	0	0.0035	0	0	0	0	0	0	0	0	0	0	0	0	0	0	0	0	0	0	0	0	0
204.2	0.6	0.298	0.313	0.51	0.184	0.427	0.272	0.165	0.262	0.31	0.323	0.267	0.369	0.318	0.295	0.389	0.281	0.27	0.272	0.453	0.382	0.243	0.264	0.388	0.288	0.338	0.123	0.09	0.18	0.181	0.173	0.295	0.417	0.413	0.345170323	0.334	0.476	0.378	0.406	0.477931904	0.286	0.397	0.354	0.315	0.318	0.266	0.245	0.324	0.351	0.270325203	0.341	0.337	0.23555889	0.327	0.335	0.32	0.3	0.32	0.334	0.302	0.438	0.392	0.342	0.361666667	0.362	0.314	0.402	0.348	0.454159702	0.482	0.357	0.318	0.34531991	0.323	0.377	0.364	0.32	0.36	0	0.288	0	0	0	0	0.008	0.374	0.219	0.312	0	0.377	0	0	0	0.359	0.411085323	0.253	0.419	0.494007616	0.442271293
207.1	0.022	0.022	0.019	0.03	0.096	0.044	0.013	0.024	0	0.054	0.024	0	0.037	0.022	0.013	0.024	0.023	0.022	0.016	0.007	0.071	0.025	0.012	0.087	0.038	0.033	0.117	0.234	0.193	0.339	0.138	0.038	0	0	0.012001108	0.022	0.026	0.034	0.031	0.018915511	0.026	0.051	0.035	0.008	0.031	0.17	0.073	0	0	0	0.041	0.046	0	0.031	0.042	0.029	0.074	0.091	0.024	0.045	0	0.037	0.068	0.035	0.041	0.038	0.042	0	0	0	0.035	0.042	0.001952679	0.04	0.029	0.032	0.041	0.036	0	0.194	0	0	0	0	0.009	0.067	0	0.087	0	0.034	0	0	0	0	0.028514589	0.062	0	0.012544803	0
210.1	0.081	0.112	0.125	0.17	0.146	0.091	0.128	0.133	0.227	0.156	0.176	0.055	0.094	0.111	0.071	0.13	0.111	0.133	0.112	0.113	0.194	0.164	0.173	0.047	0.144	0.128	0.012	0	0	0	0.056	0.225	0.193	0.205	0.220697295	0.172	0.175	0.173	0.176	0.116015132	0.26	0.137	0.197	0.224	0.215	0.105	0.078	0.226	0.228	0.075203252	0.187	0.211	0.340585146	0.201	0.215	0.251	0.178	0.26	0.218	0.176	0.211	0.203	0.247	0.198333333	0.192	0.24	0.115	0.208	0.212935579	0.185	0.206	0.213	0.203509751	0.229	0.211	0.168	0.125	0.222	0	0.121	0	0	0	0	0.229	0.296	0.217	0.111	0	0.139	0	0	0	0.186	0.173353227	0.165	0.071	0.163698477	0.170347003
213.1	0.227	0.218	0.2	0.239	0.199	0.175	0.178	0.257	0.21	0.226	0.258	0.345	0.178	0.219	0.241	0.199	0.255	0.208	0.203	0.263	0.174	0.296	0.158	0.127	0.192	0.215	0	0	0	0	0	0.269	0.141	0.235	0.16401514	0.304	0.142	0.191	0.161	0.09962169	0.167	0.187	0.214	0.36	0.208	0.123	0.103	0.139	0.219	0.194105691	0.2	0.213	0.295573893	0.22	0.21	0.216	0.2	0.17	0.203	0.247	0.146	0.176	0.177	0.225	0.181	0.198	0.108	0.13	0.195448116	0.333	0.193	0.252	0.219207263	0.207	0.197	0.202	0.281	0.188	0	0.23	0	0	0	0	0.287	0.14	0.199	0.247	0	0.258	0	0	0	0.193	0.213748895	0.268	0.28	0.058691756	0.206940063
216.2	0.053	0.03	0.024	0.03	0.006	0.03	0.026	0.035	0.045	0.015	0.004	0.068	0.014	0.023	0.014	0	0.024	0.019	0.027	0.019	0.057	0.022	0.011	0.024	0.027	0.03	0	0	0.003	0	0	0.016	0.071	0.075	0.013170447	0.027	0.045	0.036	0.03	0.008827238	0	0.016	0.042	0.016	0.047	0.023	0	0	0.021	0	0.011	0.037	0.045011253	0.048	0.045	0.033	0.02	0.031	0.028	0.031	0	0.012	0	0.040833333	0.033	0.032	0.032	0.046	0.003086023	0	0.033	0.037	0.001267974	0.041	0.042	0.028	0	0.025	0	0	0	0	0	0	0.12	0.027	0.117	0.018	0	0.074	0	0	0	0.013	0.023430592	0.044	0.106	0.063340054	0.016403785
219.2	0.001	0.005	0.014	0.004	0.006	0	0.001	0	0	0.006	0	0.053	0	0.005	0.012	0	0.015	0.008	0.006	0.006	0.008	0	0.004	0	0.011	0.005	0	0	0	0	0	0.017	0.035	0	0	0	0	0	0	0	0	0.037	0	0	0	0	0	0	0	0	0	0	0	0	0.003	0.008	0.003	0	0.003	0.014	0	0	0	0	0	0	0	0	0	0	0	0.01	0	0	0	0	0	0	0	0	0	0	0	0	0	0	0	0	0	0.001	0	0	0	0	0	0	0	0	0
222.1	0.001	0.009	0.01	0.01	0.033	0.002	0.002	0.001	0	0.016	0.011	0.038	0.003	0.008	0.008	0.003	0.009	0.012	0.01	0.008	0.012	0.002	0.006	0	0.014	0.008	0	0	0	0	0	0.019	0	0.052	0.004185002	0.016	0.022	0.003	0.007	0	0.068	0.021	0	0	0	0	0	0	0	0	0	0	0	0	0.006	0.024	0	0	0.01	0.001	0	0	0	0.010833333	0.001	0.004	0	0	0	0	0.005	0	0.000557908	0	0.001	0.004	0	0.0035	0	0	0	0	0	0	0	0	0	0	0	0.023	0	0	0	0	0.001602564	0.018	0	0	0
225.3	0.015	0	0.013	0.005	0.018	0	0.007	0	0	0.013	0.026	0.023	0.006	0.006	0.014	0	0	0.01	0.006	0.004	0	0.007	0.003	0	0.006	0.004	0	0	0	0	0	0	0	0	0	0	0	0	0	0	0	0	0	0	0	0	0	0	0	0	0	0	0	0	0	0	0	0	0	0	0	0	0	0	0	0	0	0	0	0	0	0	0	0	0	0	0	0	0	0	0	0	0	0	0	0	0	0	0	0	0	0	0	0	0	0	0	0	0
228.2	0	0	0	0.002	0	0	0.001	0.002	0	0	0	0	0.002	0.004	0	0	0	0	0	0	0	0	0	0	0	0	0	0	0	0	0	0	0.016	0	0	0	0	0	0	0	0	0	0	0	0	0	0	0	0	0	0	0	0	0	0	0	0	0	0	0	0	0	0	0	0	0	0	0	0	0	0	0	0	0	0	0	0	0	0	0	0	0	0	0	0	0	0	0	0	0	0	0	0	0	0	0	0	0	0
231	0	0	0	0	0	0	0	0	0	0	0	0	0	0	0	0	0	0	0	0	0	0	0	0	0	0	0	0	0	0	0	0	0	0	0	0	0	0	0	0	0	0	0	0	0	0	0	0	0	0	0	0	0	0	0	0	0	0	0	0	0	0	0	0	0	0	0	0	0	0	0	0	0	0	0	0	0	0	0	0	0	0	0	0	0	0	0	0	0	0	0	0	0	0	0	0	0	0	0
233.6	0	0	0	0	0	0	0	0	0	0	0	0	0	0	0	0	0	0	0	0	0	0	0	0	0	0	0	0	0	0	0	0	0.051	0	0	0	0	0.017	0	0.027742749	0.043	0.101	0	0	0.006	0.189	0.372	0.086	0	0	0	0	0.006751688	0	0	0	0.001	0.007	0.004	0	0	0	0	0	0	0	0	0	0	0	0	0.006	0	0	0	0	0	0	0	0	0	0	0	0	0.324	0	0.083	0.003	0	0.043	0	0	0	0	0	0	0	0	0
SMMS21	NA	NA	NA	NA	NA	NA	NA	NA	NA	NA	NA	NA	NA	NA	NA	NA	NA	NA	NA	NA	NA	NA	NA	NA	NA	NA	NA	NA	NA	NA	NA	NA	NA	NA	NA	NA	NA	NA	NA	NA	NA	NA	NA	NA	NA	NA	NA	NA	NA	NA	NA	NA	NA	NA	NA	NA	NA	NA	NA	NA	NA	NA	NA	NA	NA	NA	NA	NA	NA	NA	NA	NA	NA	NA	NA	NA	NA	NA	NA	NA	NA	NA	NA	NA	NA	NA	NA	NA	NA	NA	NA	NA	NA	NA	NA	NA	NA	NA	NA
n	9376	13824	45144	42081	3119	5185	8232	15864	8208	38880	8976	4292	41928	109735	28663	1536	14408	49712	14128	7304	7416	7544	22176	22056	74112	13720	16729	4992	2664	1642	55536	1344	3552	1000	32496	15912	1896	3072	864	793	1152	1782	15264	59496	31016	1272	3046	721	2844	984	2832	34960	1332	9256	31116	11062	22572	11016	76104	5256	4224	876	1848	1201	109104	18664	2112	1030	5448	10224	193428	14904	39430	5110	8304	10296	1536	105984	2432	1248	13569	276	10801	6336	432	864	552	1920	41072	1104	2024	16216	5775	5904	18096	3792	3552	17856	1584
172.1	0	0	0	0	0	0	0	0	0	0	0	0	0	0	0	0	0	0	0	0	0	0	0	0	0	0	0	0	0	0	0	0	0	0.031	0	0	0.006	0	0	0	0	0	0	0.003	0	0	0	0	0	0	0	0	0	0.003	0	0	0	0.015	0.004	0	0.025	0.011	0	0.0133	0.003	0.001	0	0	0	0	0	0.004	0.0002	0	0	0.009	0	0.004	0.02	0.065	0.02	0	0	0	0.002	0	0	0.034	0.01	0.012	0	0.001	0	0	0	0	0	0	0
174	0.002	0	0	0.004	0.001	0	0.01	0	0	0.002	0.042	0	0	0	0	0	0.003	0	0	0.0005	0	0.002	0.007	0	0.001	0	0	0	0	0	0	0.023	0.045	0.065	0.0124	0.039	0.022	0	0.027	0	0.016	0	0.018	0.025	0	0	0	0	0	0	0.032	0.009	0	0.024	0.025	0.021	0.036	0.022	0.037	0.048	0.033	0.019	0.014	0.0308	0.029	0.026	0	0	0	0	0.033	0.041	0.0016	0.036	0.024	0.048	0.018	0.031	0.037	0.013	0.05	0.011	0.029	0.029	0.021	0.012	0.013	0.016	0.034	0.023	0.019	0.027	0.04	0.033	0.0172	0.011	0	0	0
177	0.011	0.0115	0.018	0.013	0.017	0.013	0.023	0.01	0.013	0.013	0.013	0.017	0.012	0.01	0.01	0.015	0.016	0.017	0.02	0.019	0.017	0.017	0.015	0.014	0.015	0.019	0.016	0.019	0.018	0.021	0.023	0.766	0.7	0.607	0.7473	0.731	0.675	0.573	0.692	0.7213	0.593	0.4489	0.651	0.751	0.653	0.623	0.2935	0.6422	0.666	0.5793	0.698	0.729	0.7778	0.698	0.717	0.68	0.672	0.7	0.703	0.721	0.783	0.715	0.758	0.7144	0.715	0.727	0.718	0.707	0.748	0.877	0.698	0.698	0.7273	0.678	0.726	0.726	0.669	0.721	0.645	0.545	0.646	0.83	0.728	0.791	0.519	0.785	0.833	0.748	0.71	0.717	0.646	0.74	0.765	0.706	0.7487	0.758	0.782	0.6902	0.7683
180.1	0.633	0.611	0.593	0.625	0.747	0.622	0.625	0.713	0.667	0.705	0.597	0.565	0.654	0.624	0.689	0.747	0.664	0.609	0.639	0.682	0.806	0.669	0.576	0.614	0.642	0.629	0.547	0.703	0.877	0.828	0.532	0.196	0.255	0.297	0.2349	0.23	0.297	0.223	0.266	0.1349	0.391	0.1582	0.311	0.218	0.216	0.201	0.2882	0.2164	0.311	0.4207	0.27	0.259	0.2222	0.266	0.248	0.282	0.256	0.246	0.242	0.216	0.138	0.248	0.228	0.234	0.244	0.237	0.282	0.27	0.252	0.123	0.251	0.232	0.2703	0.27	0.249	0.21	0.313	0.239	0.277	0.358	0.253	0.159	0.237	0.18	0.458	0.203	0.154	0.192	0.239	0.248	0.313	0.231	0.194	0.246	0.2214	0.231	0.218	0.3098	0.2317
183.2	0.343	0.368	0.369	0.328	0.235	0.365	0.325	0.277	0.262	0.275	0.348	0.418	0.328	0.352	0.291	0.196	0.302	0.35	0.32	0.298	0.175	0.299	0.396	0.37	0.316	0.344	0.437	0.278	0.105	0.151	0.445	0.015	0	0	0.0054	0	0	0	0.015	0	0	0	0.02	0.003	0	0	0	0	0.023	0	0	0.003	0	0.009	0.01	0.017	0.036	0.017	0.014	0.015	0.021	0.007	0	0.0075	0.009	0.009	0	0.023	0	0	0.018	0.025	0.0007	0.016	0.001	0.007	0	0.005	0.021	0.019	0.031	0	0.006	0	0	0	0	0.01	0.007	0	0.022	0.001	0.001	0.015	0.0127	0	0	0	0
186.2	0.011	0.0095	0.02	0.03	0	0	0.017	0	0.058	0.005	0	0	0.006	0.014	0.01	0.042	0.015	0.024	0.021	0.0005	0.002	0.013	0.006	0.002	0.026	0.008	0	0	0	0	0	0	0	0	0	0	0	0	0	0	0	0	0	0	0	0	0	0	0	0	0	0	0	0	0	0	0	0	0	0	0	0	0	0	0	0	0	0	0	0	0	0	0	0	0	0	0	0	0	0	0	0	0	0	0	0	0	0	0	0	0	0	0	0	0	0	0	0	0
190	0	0	0	0	0	0	0	0	0	0	0	0	0	0	0	0	0	0	0	0	0	0	0	0	0	0	0	0	0	0	0	0	0	0	0	0	0	0	0	0	0	0	0	0	0	0	0	0	0	0	0	0	0	0	0	0	0	0	0	0	0	0	0	0	0	0	0	0	0	0	0	0	0	0	0	0	0	0	0	0	0	0	0	0	0	0	0	0	0	0	0	0	0	0	0	0	0	0	0
193	0	0	0	0	0	0	0	0	0	0	0	0	0	0	0	0	0	0	0	0	0	0	0	0	0	0	0	0	0	0	0	0	0	0	0	0	0	0	0	0	0	0	0	0	0	0	0	0	0	0	0	0	0	0	0	0	0	0	0	0	0	0	0	0	0	0	0	0	0	0	0	0	0	0	0	0	0	0	0	0	0	0	0	0	0	0	0	0	0	0	0	0	0	0	0	0	0	0	0
196	0	0	0	0	0	0	0	0	0	0	0	0	0	0	0	0	0	0	0	0	0	0	0	0	0	0	0	0	0	0	0	0	0	0	0	0	0	0	0	0	0	0	0	0	0	0	0	0	0	0	0	0	0	0	0	0	0	0	0	0	0	0	0	0	0	0	0	0	0	0	0	0	0	0	0	0	0	0	0	0	0	0	0	0	0	0	0	0	0	0	0	0	0	0	0	0	0	0	0
203.7	0	0	0	0	0	0	0	0	0	0	0	0	0	0	0	0	0	0	0	0	0	0	0	0	0	0	0	0	0	0	0	0	0	0	0	0	0	0.104	0	0.0996	0	0.2189	0	0	0.057	0.095	0.1743	0.1012	0	0	0	0	0	0	0	0	0	0	0	0	0	0	0	0	0	0	0	0	0	0	0	0	0	0	0	0	0	0	0	0	0	0	0	0	0	0	0	0	0	0	0	0	0	0	0	0	0	0	0
209.6	0	0	0	0	0	0	0	0	0	0	0	0	0	0	0	0	0	0	0	0	0	0	0	0	0	0	0	0	0	0	0	0	0	0	0	0	0	0.047	0	0.024	0	0.073	0	0	0.037	0.0405	0.106	0.0194	0	0	0	0	0	0	0	0	0	0	0	0	0	0	0	0	0	0	0	0	0	0	0	0	0	0	0	0	0	0	0	0	0	0	0	0	0	0	0	0	0	0	0	0	0	0	0	0	0	0	0
212.6	0	0	0	0	0	0	0	0	0	0	0	0	0	0	0	0	0	0	0	0	0	0	0	0	0	0	0	0	0	0	0	0	0	0	0	0	0	0.053	0	0.0202	0	0.101	0	0	0.037	0.0405	0.1379	0.0208	0	0	0	0	0	0	0	0	0	0	0	0	0	0	0	0	0	0	0	0	0	0	0	0	0	0	0	0	0	0	0	0	0	0	0	0	0	0	0	0	0	0	0	0	0	0	0	0	0	0	0
SMDA23	NA	NA	NA	NA	NA	NA	NA	NA	NA	NA	NA	NA	NA	NA	NA	NA	NA	NA	NA	NA	NA	NA	NA	NA	NA	NA	NA	NA	NA	NA	NA	NA	NA	NA	NA	NA	NA	NA	NA	NA	NA	NA	NA	NA	NA	NA	NA	NA	NA	NA	NA	NA	NA	NA	NA	NA	NA	NA	NA	NA	NA	NA	NA	NA	NA	NA	NA	NA	NA	NA	NA	NA	NA	NA	NA	NA	NA	NA	NA	NA	NA	NA	NA	NA	NA	NA	NA	NA	NA	NA	NA	NA	NA	NA	NA	NA	NA	NA	NA
n	9376	13824	45144	42081	3119	5185	8232	15864	8208	38880	8976	4292	41928	109735	28663	1536	14408	49712	14128	7304	7416	7544	22176	22056	74112	13720	16729	0	2664	1642	55536	1344	3552	499	32497	15912	1896	3072	864	1247	1152	2124	15264	59496	31016	1272	0	1032	2844	1008	2832	34960	1332	13680	31116	11062	22572	11016	76104	5256	4224	876	1848	2760	109104	18664	2112	1030	5448	10224	193428	14904	27656	5110	8304	10296	1536	105984	2432	1248	13569	276	10801	6336	720	864	2425	1920	41072	1104	2024	16216	5775	5904	18096	3792	3552	10272	1584
192.3	0.033	0	0	0	0	0	0	0	0.09	0	0.069	0	0.006	0.019	0	0	0.009	0.013	0.021	0.01	0	0.0025	0	0	0	0.021	0	0	0	0	0	0	0	0	0	0	0	0	0	0	0	0	0	0	0	0	0	0	0	0	0	0	0	0	0	0	0	0	0	0	0	0	0	0	0	0.001	0	0	0.002	0	0	0	0	0	0	0	0	0.002	0	0.01	0	0	0	0	0	0	0	0	0	0	0	0	0	0	0	0	0	0	0
196.4	0.017	0.028	0.025	0.045	0.004	0.095	0.006	0.015	0.033	0.023	0.009	0.005	0.014	0.026	0.027	0.012	0.013	0.016	0.021	0.013	0.0165	0.011	0.015	0.005	0.022	0.016	0.027	0	0.025	0.022	0.023	0.033	0	0	0.009723975	0.008	0	0.04	0.028	0.012028869	0.015	0.012	0.02	0.011	0.021	0.001	0	0.074612403	0	0	0.016	0.004	0.021021021	0.01878655	0.03	0.022	0.022	0.035	0.026	0.015	0.026	0.022	0.093	0.057	0.026	0.032	0.072	0.047	0.034	0.018	0.025	0.018	0.024	0.033	0.013	0.023	0.022	0.028	0.026	0.107	0.036	0.087	0.011	0.012	0	0.034	0.02556701	0.029	0.027	0.013	0.019	0.018	0.009	0.017	0.01464412	0.017	0.012	0.008	0
200.7	0.551	0.599	0.584	0.426	0.42	0.45	0.508	0.628	0.458	0.481	0.505	0.324	0.388	0.423	0.453	0.559	0.513	0.414	0.473	0.552	0.558	0.487	0.407	0.154	0.563	0.469	0.675	0	0.623	0.571	0.528	0.536	0.47	0.4749499	0.516324584	0.473	0.352	0.51	0.524	0.708099439	0.567	0.606	0.583	0.416	0.515	0.462	0	0.554263566	0.462	0.393849206	0.568	0.544	0.671921922	0.503289474	0.532	0.491	0.55	0.598	0.524	0.525	0.562	0.402	0.395	0.608	0.586	0.537	0.548	0.441	0.58	0.428	0.534	0.544	0.511	0.528	0.589	0.555	0.615	0.552	0.542	0.231	0.52	0.322	0.57	0.717	0.343055556	0.404	0.493195876	0.48	0.557	0.414	0.553	0.551	0.557	0.555	0.5691313	0.526	0.552	0.486	0.496212121
204.7	0.078	0.048	0.037	0.061	0.14	0.069	0.081	0.073	0.031	0.072	0.153	0.135	0.131	0.052	0.07	0.044	0.088	0.065	0.058	0.057	0.062	0.059	0.117	0.217	0.054	0.051	0.032	0	0.038	0.091	0.16	0.08	0.069	0	0.064067452	0.014	0	0.05	0.042	0	0.106	0.025	0.075	0.046	0.086	0.132	0	0.089147287	0.025	0.08531746	0.072	0.075	0.056306306	0.055263158	0.073	0.074	0.1	0.023	0.085	0.075	0.057	0.103	0.071	0.066	0.074	0.068	0.023	0.07	0.057	0.179	0.078	0.071	0.065	0.061	0.062	0.059	0.071	0.062	0.06	0.107	0.047	0.199	0.025	0	0	0.066	0.026391753	0.067	0.059	0.088	0.08	0.074	0.076	0.06	0.082172856	0.092	0.015	0.085	0
208.8	0.056	0.023	0.054	0.048	0.132	0.049	0.038	0.024	0.11	0.048	0.031	0.081	0.046	0.062	0.07	0.064	0.05	0.058	0.052	0.085	0.034	0.044	0.048	0.05	0.054	0.042	0.009	0	0	0	0.005	0	0	0	0.04665046	0.009	0.092	0.059	0.061	0.023255814	0	0.012	0.027	0.088	0.03	0.05	0	0	0.049	0	0.028	0.029	0	0.039473684	0.044	0.043	0.017	0	0.035	0.033	0	0.073	0.082	0.022	0.034	0.04	0.024	0.038	0.032	0.09	0.032	0.02	0.039	0.035	0.052	0.045	0.011	0.034	0.051	0.099	0.09	0	0.028	0.068	0	0.023	0.119175258	0.08	0.04	0.108	0.018	0.041	0.037	0.019	0.032714412	0.05	0.02	0.02	0
212.9	0.028	0.082	0.068	0.107	0.054	0.131	0.088	0.033	0.088	0.078	0.041	0.058	0.097	0.096	0.092	0.136	0.058	0.087	0.076	0.071	0.087	0.051	0.069	0.094	0.05	0.047	0.065	0	0.032	0.01	0.077	0.071	0.352	0.090180361	0.099209158	0.052	0.07	0.089	0.088	0.06255012	0.057	0.139	0.074	0.148	0.094	0.134	0	0.087209302	0.09	0.134920635	0.112	0.093	0.006006006	0.095102339	0.088	0.11	0.076	0.061	0.1	0.083	0.082	0.14	0.07	0.112	0.079	0.092	0.068	0.117	0.094	0.104	0.096	0.082	0.106	0.12	0.071	0.098	0.156	0.082	0.068	0.093	0.054	0.072	0.015	0.114	0.256944444	0.214	0.117113402	0.077	0.082	0.058	0.053	0.095	0.082	0.123	0.067252431	0.073	0.08	0.066	0.174242424
217	0.047	0.087	0.071	0.116	0.118	0.06	0.082	0.091	0.158	0.081	0.043	0.036	0.104	0.121	0.085	0.132	0.063	0.113	0.088	0.09	0.067	0.139	0.069	0.041	0.09	0.087	0.092	0	0.131	0.143	0.119	0.079	0.047	0.116232465	0.055328184	0.157	0.128	0.076	0.09	0.107457899	0.105	0.076	0.052	0.031	0.079	0.116	0	0.053294574	0.073	0.260912698	0.081	0.083	0.025525526	0.085672515	0.074	0.076	0.078	0.073	0.077	0.093	0.09	0.055	0.047	0.07	0.058	0.066	0.068	0.097	0.052	0.009	0.069	0.064	0.089	0.056	0.007	0.028	0.044	0.065	0.083	0.054	0.033	0.098	0.084	0	0.198611111	0.054	0.126185567	0.1	0.071	0.121	0.12	0.052	0.045	0.06	0.063328912	0.059	0.119	0.097	0.086489899
221.1	0.064	0.045	0.05	0.082	0.056	0.047	0.081	0.029	0.005	0.07	0.018	0.145	0.049	0.072	0.062	0.036	0.084	0.071	0.069	0.05	0.0165	0.084	0.084	0.043	0.054	0.055	0.029	0	0.048	0.019	0.02	0.075	0	0.106212425	0.052066345	0.166	0.149	0.065	0.067	0.054530874	0.026	0.068	0.07	0.134	0.094	0.075	0	0.058139535	0.127	0.064484127	0.058	0.073	0.027027027	0.087573099	0.067	0.082	0.028	0.056	0.059	0.063	0.062	0.064	0.082	0.048	0.058	0.063	0.102	0.053	0.078	0.026	0.074	0.078	0.068	0.07	0.089	0.051	0.053	0.065	0.073	0.064	0.055	0.069	0.098	0.052	0	0	0.061030928	0.1	0.065	0.065	0.088	0.063	0.055	0.09	0.092064545	0.028	0.117	0.12	0.083964646
225.2	0.061	0.033	0.044	0.032	0.035	0.016	0.058	0.038	0.027	0.043	0.029	0.051	0.092	0.047	0.089	0	0.048	0.051	0.06	0.059	0.095	0.053	0.081	0.263	0.041	0.068	0.039	0	0.03	0.108	0.061	0.033	0.033	0	0.036495677	0.033	0.051	0.051	0.045	0.032076985	0.073	0.011	0.056	0.039	0.041	0.024	0	0	0.02	0.060515873	0.015	0.038	0	0.045394737	0.035	0.04	0.042	0.05	0.021	0.039	0.051	0.035	0.065	0	0.025	0.036	0.004	0.052	0.031	0.104	0.033	0.033	0.04	0.041	0.052	0.04	0	0.049	0.041	0.076	0.051	0.059	0.009	0.037	0.201388889	0	0	0.021	0.032	0.056	0.007	0.041	0.036	0.029	0.021385942	0.038	0	0.062	0.065025253
229.3	0.055	0.033	0.043	0.059	0.04	0.046	0.029	0.026	0	0.043	0.079	0.14	0.056	0.046	0.026	0.004	0.048	0.062	0.045	0.013	0.019	0.046	0.076	0.111	0.045	0.125	0.025	0	0.009	0.033	0.005	0.039	0.029	0.120240481	0.098778349	0.088	0.075	0.038	0.042	0	0.028	0.051	0.025	0.076	0.028	0.005	0	0.058139535	0.134	0	0.026	0.048	0	0.053947368	0.039	0.041	0.062	0.034	0.046	0.057	0.031	0.061	0.095	0.017	0.036	0.044	0.033	0.06	0.026	0.019	0.044	0.075	0.038	0.034	0.04	0.063	0.023	0.036	0.052	0.122	0.083	0.094	0.153	0	0	0.108	0.013608247	0.035	0.039	0.02	0.033	0.04	0.06	0.023	0.040340407	0.075	0.033	0.047	0.094065657
233.3	0.01	0.021	0.017	0.024	0.001	0.037	0.029	0.043	0	0.061	0.023	0.025	0.017	0.034	0.026	0.006	0.026	0.045	0.029	0	0.044	0.021	0.026	0.022	0.025	0.019	0.003	0	0.064	0	0.002	0.016	0	0.092184369	0.021355817	0	0.083	0.022	0.013	0	0.023	0	0.018	0.011	0.012	0.001	0	0.025193798	0.02	0	0.024	0.013	0.192192192	0.015497076	0.018	0.021	0.013	0.061	0.024	0.017	0.039	0.034	0	0	0.023	0.021	0.058	0.019	0.007	0.023	0.015	0.015	0.02	0.022	0.025	0.016	0.005	0.022	0.004	0.037	0.031	0	0.007	0	0	0.097	0.017731959	0.011	0.028	0.057	0.029	0.025	0.043	0.024	0.014754642	0.027	0.052	0.009	0
237.3	0	0.001	0.007	0	0	0	0	0	0	0	0	0	0	0.002	0	0.007	0	0.005	0.008	0	0.001	0.0025	0.008	0	0.002	0	0.004	0	0	0.003	0	0.038	0	0	0	0	0	0	0	0	0	0	0	0	0	0	0	0	0	0	0	0	0	0	0	0	0.012	0.009	0.003	0	0	0.011	0	0	0.001	0	0	0.006	0.007	0	0	0	0	0	0	0.022	0	0.003	0	0	0	0	0	0	0	0	0	0	0	0	0	0	0	0	0.002210433	0.015	0	0	0
1F8A	NA	NA	NA	NA	NA	NA	NA	NA	NA	NA	NA	NA	NA	NA	NA	NA	NA	NA	NA	NA	NA	NA	NA	NA	NA	NA	NA	NA	NA	NA	NA	NA	NA	NA	NA	NA	NA	NA	NA	NA	NA	NA	NA	NA	NA	NA	NA	NA	NA	NA	NA	NA	NA	NA	NA	NA	NA	NA	NA	NA	NA	NA	NA	NA	NA	NA	NA	NA	NA	NA	NA	NA	NA	NA	NA	NA	NA	NA	NA	NA	NA	NA	NA	NA	NA	NA	NA	NA	NA	NA	NA	NA	NA	NA	NA	NA	NA	NA	NA
n	9376	13824	45144	42081	3119	5185	8232	15864	8208	38880	8976	4292	41928	109735	28663	1536	14408	49712	14128	7304	7416	7544	22176	22056	74112	13720	16729	4992	2664	1642	55536	1344	0	0	32495	15912	0	3072	864	0	1152	2496	15264	59496	24745	1272	0	1032	2844	983	2832	34960	768	13681	31116	11062	22572	11016	76104	5256	4224	876	0	1200	109104	18664	0	1030	5448	0	193428	14904	39432	5110	6215	10296	1536	105984	2432	1248	13569	276	8542	0	720	0	2425	1920	41072	1104	2024	16216	5775	5904	18095	3792	0	17856	1584
144.7	0	0	0	0	0	0	0	0	0	0	0	0	0	0	0	0	0	0	0	0	0	0	0	0	0	0	0.008	0.005	0.004	0.003	0	0	0	0	0	0	0	0	0	0	0	0	0	0	0	0	0	0	0	0	0	0	0	0	0	0	0	0	0	0	0	0	0	0	0	0	0	0	0	0	0	0	0	0	0	0	0	0	0	0	0	0	0	0	0	0	0	0	0	0	0	0	0	0	0	0	0	0	0
147.1	0	0	0	0	0	0	0	0	0	0	0	0	0	0	0	0	0	0	0	0	0	0	0	0	0	0	0.357	0.298	0.151	0.278	0.183	0	0	0	0	0	0	0	0	0	0	0	0	0	0	0	0	0	0	0	0	0	0	0	0	0	0	0	0	0	0	0	0	0	0	0	0	0	0	0	0	0	0	0	0	0	0	0	0	0	0	0	0	0	0	0	0	0	0	0	0	0	0	0	0	0	0	0	0
150.7	0.01	0.009	0.01	0.009	0.012	0.009	0.01	0.012	0	0.008	0.008	0.008	0.01	0.009	0.006	0.017	0.009	0.012	0.01	0.008	0.005	0.009	0.006	0.006	0.009	0.01	0.142	0.233	0.339	0.16	0.316	0	0	0	0	0	0	0.02	0	0	0	0	0	0	0.01	0.01	0	0	0.008	0.045	0.008	0.0095	0	0.005	0	0	0.005	0	0.009	0	0.031	0	0	0.008	0.009	0.006	0	0	0	0	0.008	0	0.015	0	0.004	0	0.034	0.013	0.007	0	0.004	0	0	0	0.056	0	0.002	0	0.013	0.024	0	0.016	0.021	0.005	0.003	0.039	0	0.048	0
153.8	0.485	0.422	0.469	0.394	0.557	0.427	0.412	0.604	0.591	0.386	0.597	0.316	0.345	0.342	0.397	0.354	0.539	0.398	0.443	0.399	0.373	0.46	0.498	0.305	0.501	0.478	0.398	0.312	0.154	0.446	0.417	0.394	0	0	0.481	0.391	0	0.392	0.512	0	0.633	0.606	0.463	0.516	0.398	0.449	0	0.389	0.458	0.372	0.326	0.421	0	0.445	0.377	0.333	0.354	0.39	0.385	0.431	0.358	0.4	0	0.367	0.396	0.377	0	0.464	0.42	0	0.381	0.433	0.377	0.325	0.402	0.471	0.245	0.393	0.487	0.565	0.317	0.333	0.435	0	0.344	0	0.465	0.474	0.39	0.356	0.428	0.353	0.472	0.443	0.417	0.302	0	0.457	0.504
156.9	0.16	0.099	0.149	0.149	0.173	0.193	0.181	0.138	0.13	0.159	0.085	0.216	0.234	0.194	0.114	0.127	0.162	0.18	0.166	0.16	0.139	0.168	0.168	0.371	0.132	0.134	0.034	0.109	0.19	0.086	0.052	0.192	0	0	0.135	0.113	0	0.158	0.178	0	0.078	0.152	0.173	0.084	0.152	0.133	0	0.107	0.105	0.25	0.228	0.14	0	0.145	0.175	0.135	0.081	0.162	0.139	0.175	0.195	0.207	0	0.139	0.143	0.163	0	0.186	0.138	0	0.135	0.163	0.177	0.181	0.158	0.159	0.298	0.153	0.105	0.041	0.168	0.207	0.168	0	0.194	0	0.125	0.209	0.14	0.178	0.11	0.157	0.126	0.141	0.146	0.221	0	0.114	0.193
160	0.177	0.233	0.187	0.232	0.169	0.177	0.184	0.1	0.101	0.223	0.138	0.215	0.25	0.229	0.242	0.42	0.154	0.205	0.188	0.169	0.249	0.19	0.174	0.23	0.201	0.179	0.025	0.024	0.122	0.027	0.032	0.192	0	0	0.171	0.215	0	0.167	0.141	0	0.162	0.109	0.198	0.169	0.157	0.211	0	0.284	0.196	0.11	0.204	0.176	0	0.152	0.175	0.192	0.224	0.167	0.166	0.174	0.227	0.151	0	0.173	0.177	0.179	0	0.158	0.156	0	0.188	0.198	0.186	0.217	0.192	0.186	0.124	0.182	0.123	0.064	0.227	0.188	0.214	0	0.233	0	0.102	0.102	0.178	0.177	0.215	0.202	0.121	0.166	0.175	0.152	0	0.191	0.115
163.1	0.121	0.148	0.137	0.162	0.059	0.173	0.151	0.128	0.178	0.137	0.099	0.196	0.124	0.169	0.189	0.082	0.099	0.144	0.14	0.181	0.199	0.151	0.134	0.065	0.116	0.131	0.036	0.019	0.04	0	0	0.222	0	0	0.186	0.201	0	0.204	0.169	0	0.127	0.12	0.166	0.174	0.227	0.197	0	0.203	0.19	0.223	0.171	0.209	0	0.195	0.223	0.266	0.293	0.281	0.241	0.181	0.189	0.174	0	0.243	0.234	0.22	0	0.175	0.222	0	0.237	0.206	0.222	0.245	0.191	0.184	0.27	0.209	0.244	0.272	0.233	0.272	0.175	0	0.172	0	0.147	0.215	0.232	0.221	0.208	0.218	0.215	0.208	0.199	0.243	0	0.174	0.158
166.2	0.033	0.074	0.042	0.045	0.03	0.01	0.045	0.01	0	0.076	0.042	0.049	0.032	0.052	0.048	0	0.033	0.047	0.039	0.079	0.035	0.017	0.017	0.023	0.038	0.037	0	0	0	0	0	0	0	0	0.023	0.08	0	0.048	0	0	0	0.013	0	0.057	0.042	0	0	0	0.022	0	0.04	0.036	1	0.05	0.037	0.058	0.025	0	0.048	0.039	0	0	0	0.059	0.031	0.036	0	0.017	0.027	0	0.04	0	0.022	0.032	0.049	0	0.029	0.042	0.033	0	0.038	0	0.008	0	0	0	0	0	0.033	0.017	0.039	0.029	0.029	0.021	0.046	0.043	0	0.015	0.03
169.3	0.014	0.015	0.006	0.009	0	0.011	0.014	0.008	0	0.011	0.031	0	0.005	0.005	0.004	0	0.004	0.014	0	0.004	0	0	0	0	0.002	0.01	0	0	0	0	0	0	0	0	0.003	0	0	0.011	0	0	0	0	0	0	0.014	0	0	0.018	0.006	0	0.022	0.0085	0	0.006	0.013	0.012	0.004	0	0.012	0	0	0.004	0	0.011	0.01	0.015	0	0	0.037	0	0.011	0	0.001	0	0.003	0	0	0.008	0.001	0	0.013	0	0	0	0	0	0	0	0.012	0.021	0	0.013	0.014	0.016	0.006	0	0	0	0
172.3	0	0	0	0	0	0	0.003	0	0	0	0	0	0	0	0	0	0	0	0.014	0	0	0.005	0.003	0	0.001	0.021	0	0	0	0	0	0	0	0	0.001	0	0	0	0	0	0	0	0	0	0	0	0	0	0.015	0	0.001	0	0	0	0	0.004	0.014	0	0	0	0	0.064	0	0	0	0.004	0	0	0	0	0	0	0	0	0	0	0	0	0	0.058	0	0	0	0	0	0	0.159	0	0.002	0.006	0	0.012	0.002	0	0.008	0	0	0	0
174.6	0	0	0	0	0	0	0	0	0	0	0	0	0	0	0	0	0	0	0	0	0	0	0	0	0	0	0	0	0	0	0	0	0	0	0	0	0	0	0	0	0	0	0	0	0	0	0	0	0	0	0	0	0	0	0	0	0	0	0	0	0	0	0	0	0	0	0	0	0	0	0	0	0	0	0	0	0	0	0	0	0	0	0	0	0	0	0	0	0	0	0	0	0	0	0	0	0	0	0
13TAGA	NA	NA	NA	NA	NA	NA	NA	NA	NA	NA	NA	NA	NA	NA	NA	NA	NA	NA	NA	NA	NA	NA	NA	NA	NA	NA	NA	NA	NA	NA	NA	NA	NA	NA	NA	NA	NA	NA	NA	NA	NA	NA	NA	NA	NA	NA	NA	NA	NA	NA	NA	NA	NA	NA	NA	NA	NA	NA	NA	NA	NA	NA	NA	NA	NA	NA	NA	NA	NA	NA	NA	NA	NA	NA	NA	NA	NA	NA	NA	NA	NA	NA	NA	NA	NA	NA	NA	NA	NA	NA	NA	NA	NA	NA	NA	NA	NA	NA	NA
n	9376	13824	45144	42081	3119	5185	8232	15864	8208	38880	8976	4292	41928	109735	28663	1536	14408	49712	14128	7304	7416	7544	22176	22056	74112	13720	16729	4992	2664	1642	55536	1344	3552	1000	32498	15912	1896	3072	864	791	1152	2124	15264	59496	31016	2728	2772	876	2844	984	2832	34960	1225	13680	31116	11062	22572	11016	76104	5256	4224	876	1848	2760	109104	18664	2112	1030	5448	10224	193428	14904	27656	5110	8304	10296	1536	105984	2432	1248	13569	276	10801	6336	432	864	552	1920	41072	1104	2024	16216	5775	5904	16671	3792	3552	10272	1584
98.1	0	0	0	0	0	0	0	0	0	0	0	0	0	0	0	0	0	0	0	0	0	0	0	0	0	0	0.0035	0.007	0.021	0.004	0.0075	0	0	0	0	0	0	0	0	0	0	0	0	0	0	0	0	0	0	0	0	0	0	0	0	0	0	0	0	0	0	0	0	0.007	0	0	0	0	0	0	0	0	0	0	0	0	0	0	0	0	0	0	0	0	0	0	0	0	0	0	0	0	0	0	0	0	0	0	0
102.5	0.01	0.008	0.01	0.009	0.001	0.008	0.01	0.009	0.008	0.009	0.009	0.007	0.009	0.007	0.0165	0.01	0.008	0.009	0.007	0.007	0.009	0.01	0.012	0.011	0.009	0.01	0.17	0.332	0.274	0.242	0.379	0.014	0.017	0	0.015108622	0.009	0.022	0.018	0.008	0.006321113	0.048	0.009	0.017	0.031	0.024	0.113636364	0	0.016	0.015	0.014227642	0.015	0.02	0.100408163	0.013596491	0.015	0.015	0.011	0.008	0.009	0.007	0.006	0.013	0.014	0.018	0.02	0.021	0.006	0.028	0.012	0.012	0.02	0.013	0.016	0.015	0.016	0.015	0.01	0.018	0.01	0.006	0.01	0.007	0.027	0.005	0	0.013	0	0.01	0.02	0.032	0.032	0.021	0.011	0.02	0.014696179	0.016	0.019	0.005	0.009469697
106.7	0.452	0.4	0.494	0.43	0.409	0.452	0.448	0.478	0.464	0.421	0.512	0.37	0.473	0.444	0.51	0.676	0.424	0.445	0.442	0.411	0.549	0.525	0.578	0.503	0.472	0.484	0.255	0.105	0.077	0.185	0.125	0.411	0.547	0.559	0.457628162	0.325	0.393	0.442	0.436	0.332490518	0.386	0.344	0.367	0.696	0.459	0.47983871	0.095	0.64	0.39	0.535569106	0.49	0.472	0.419591837	0.436549708	0.429	0.442	0.558	0.376	0.433	0.371	0.482	0.466	0.459	0.415	0.471	0.451	0.467	0.394	0.432	0.471	0.433	0.501	0.441	0.471	0.418	0.404	0.428	0.468	0.435	0.468	0.361	0.5	0.432	0.412	0.282	0.473	0.656	0.377	0.437	0.525	0.437	0.436	0.436	0.471	0.478015716	0.457	0.359	0.464	0.475378788
110.9	0.066	0.085	0.073	0.085	0.087	0.072	0.106	0.044	0.151	0.133	0.066	0.121	0.067	0.079	0.066	0.16	0.047	0.079	0.078	0.199	0.092	0.129	0.056	0.056	0.069	0.06	0.081	0.256	0.212	0.157	0.115	0.164	0.052	0.095	0.135762201	0.2	0.164	0.16	0.204	0.18204804	0.117	0.221	0.188	0.02	0.134	0.059017595	0.095	0.046	0.187	0.046747967	0.142	0.149	0.071020408	0.174195906	0.143	0.129	0.11	0.176	0.169	0.162	0.087	0.135	0.113	0.174	0.152	0.138	0.257	0.122	0.178	0.139	0.163	0.162	0.162	0.147	0.153	0.136	0.202	0.159	0.159	0.05	0.169	0.286	0.137	0.328	0.005	0.138	0.217	0.151	0.16	0.1	0.177	0.165	0.158	0.17	0.167656409	0.148	0.066	0.118	0.091540404
115	0.151	0.156	0.141	0.162	0.117	0.132	0.152	0.114	0.083	0.118	0.097	0.124	0.176	0.169	0.096	0.046	0.164	0.13	0.173	0.123	0.084	0.102	0.105	0.195	0.136	0.132	0.21	0.255	0.354	0.346	0.333	0.075	0.14	0.109	0.082035818	0.088	0.126	0.064	0.068	0.125158028	0.036	0.031	0.063	0.016	0.052	0.013929619	0.02	0.066	0.042	0.040650407	0.053	0.066	0.126530612	0.071052632	0.075	0.07	0.052	0.074	0.079	0.073	0.048	0.08	0.065	0.066	0.068	0.067	0.036	0.092	0.063	0.018	0.064	0.044	0.066	0.06	0.058	0.08	0.035	0.06	0.061	0.086	0.067	0.21	0.072	0.012	0.25	0.054	0	0.071	0.072	0.051	0.018	0.057	0.057	0.063	0.049967009	0.111	0.117	0.107	0.101010101
119	0.204	0.264	0.188	0.187	0.237	0.265	0.163	0.165	0.117	0.159	0.177	0.182	0.153	0.187	0.199	0.061	0.254	0.201	0.195	0.151	0.174	0.152	0.141	0.145	0.192	0.204	0.041	0.009	0.007	0.032	0.032	0.219	0.122	0.188	0.194688904	0.316	0.192	0.189	0.193	0.265486726	0.115	0.266	0.201	0.162	0.221	0.17228739	0.3	0.145	0.218	0.24796748	0.213	0.187	0.24244898	0.198099415	0.207	0.229	0.149	0.212	0.208	0.239	0.229	0.231	0.213	0.193	0.199	0.219	0.195	0.195	0.234	0.241	0.207	0.178	0.188	0.199	0.24	0.214	0.208	0.197	0.178	0.289	0.301	0	0.187	0.112	0.463	0.185	0.127	0.274	0.194	0.159	0.196	0.197	0.22	0.181	0.209945414	0.218	0.372	0.164	0.220328283
123	0.068	0.038	0.058	0.061	0.059	0.06	0.061	0.04	0.143	0.113	0.088	0.09	0.078	0.072	0.086	0.03	0.047	0.076	0.061	0.05	0.054	0.043	0.078	0.034	0.075	0.078	0.0035	0	0.003	0.003	0	0.088	0.033	0.019	0.067388762	0.03	0.08	0.074	0.074	0.054361568	0.162	0.056	0.11	0.014	0.071	0.150659824	0.008	0.088	0.1	0.06300813	0.052	0.056	0.04	0.056944444	0.076	0.061	0.072	0.078	0.059	0.071	0.102	0.055	0.09	0.071	0.059	0.047	0.038	0.123	0.048	0.09	0.064	0.059	0.076	0.061	0.063	0.076	0.074	0.058	0.08	0.079	0.058	0	0.069	0.046	0	0.022	0	0.067	0.052	0.082	0.13	0.078	0.056	0.063	0.049067243	0.027	0.034	0.098	0.082070707
127	0.004	0.004	0.01	0.024	0.03	0.011	0.006	0.01	0	0.013	0.002	0.015	0.012	0.01	0.01	0.017	0.012	0.013	0.006	0.04	0.038	0.002	0.01	0.003	0.009	0.01	0.041	0.015	0.038	0.001	0	0.015	0.066	0.031	0.023386055	0.025	0.023	0.034	0.016	0.034134008	0.038	0.045	0.025	0.042	0.017	0.007697947	0.126	0	0.02	0.051829268	0.019	0.022	0	0.022807018	0.024	0.021	0.016	0.013	0.019	0.045	0.046	0.011	0.014	0.026	0.013	0.031	0	0.03	0.013	0	0.022	0.025	0.018	0.021	0.018	0.031	0.042	0.018	0.018	0.022	0.015	0	0.053	0.004	0	0.06	0	0.032	0.026	0.043	0	0.026	0.022	0.014	0.016195789	0	0.033	0.012	0.02020202
131	0.044	0.034	0.026	0.037	0.06	0	0.052	0.14	0.034	0.029	0.049	0.088	0.032	0.03	0.0165	0	0.044	0.044	0.038	0.015	0	0.036	0.02	0.053	0.035	0.022	0.195	0.021	0.014	0.03	0.0085	0.014	0.024	0	0.019385808	0.006	0	0.012	0	0	0.076	0.014	0.029	0.006	0.019	0.001832845	0.358	0	0.027	0	0.016	0.025	0	0.022953216	0.026	0.029	0.032	0.04	0.015	0.031	0	0.011	0.03	0.026	0.017	0.023	0	0.016	0.015	0.022	0.022	0.019	0.032	0.02	0.035	0.04	0	0.02	0.06	0	0.021	0	0.022	0.081	0	0.056	0	0.002	0.036	0.009	0.01	0.013	0.029	0.018	0.011756943	0.024	0	0.032	0
135.1	0.001	0.011	0	0.003	0	0	0.002	0	0	0.005	0	0.003	0	0.002	0	0	0	0.003	0	0.004	0	0	0	0	0.003	0	0	0	0	0	0	0	0	0	0.004615669	0	0	0.007	0	0	0.022	0.01	0	0.014	0.004	0.001099707	0	0	0	0	0	0.003	0	0.00380117	0.006	0.004	0	0.011	0.002	0	0	0	0.003	0.005	0	0	0	0	0.004	0.008	0.004	0	0.001	0.007	0.001	0.005	0	0.002	0	0	0	0	0.001	0	0	0	0	0.015	0.003	0	0	0.007	0.011	0	0.002699298	0	0	0	0
139.1	0	0	0	0.002	0	0	0	0	0	0	0	0	0	0	0	0	0	0	0	0	0	0.001	0	0	0	0	0	0	0	0	0	0	0	0	0	0	0	0	0	0	0	0.006	0	0	0	0	0	0	0	0	0	0	0	0	0	0	0	0.011	0.006	0	0	0	0	0	0	0.002	0	0	0	0	0	0	0	0	0	0	0	0	0	0	0	0	0	0	0	0	0	0	0	0	0	0	0	0	0	0	0	0	0
143.1	0	0	0	0	0	0	0	0	0	0	0	0	0	0	0	0	0	0	0	0	0	0	0	0	0	0	0	0	0	0	0	0	0	0	0	0	0	0	0	0	0	0	0	0	0	0	0	0	0	0	0	0	0	0	0	0	0	0	0	0	0	0	0	0	0	0	0	0	0	0	0	0	0	0	0	0	0	0	0	0	0	0	0	0	0	0	0	0	0	0	0	0	0	0	0	0	0	0	0
SM13-410	NA	NA	NA	NA	NA	NA	NA	NA	NA	NA	NA	NA	NA	NA	NA	NA	NA	NA	NA	NA	NA	NA	NA	NA	NA	NA	NA	NA	NA	NA	NA	NA	NA	NA	NA	NA	NA	NA	NA	NA	NA	NA	NA	NA	NA	NA	NA	NA	NA	NA	NA	NA	NA	NA	NA	NA	NA	NA	NA	NA	NA	NA	NA	NA	NA	NA	NA	NA	NA	NA	NA	NA	NA	NA	NA	NA	NA	NA	NA	NA	NA	NA	NA	NA	NA	NA	NA	NA	NA	NA	NA	NA	NA	NA	NA	NA	NA	NA	NA
n	9376	13824	45144	42081	3119	5185	8232	15864	8208	38880	8976	4292	41928	109735	28663	1536	14408	49712	14128	7304	7416	7544	22176	22056	74112	13720	16729	4992	0	1642	55536	1344	0	500	32497	15912	1896	3072	864	792	1152	2124	15264	59496	31016	1272	3047	1032	2844	985	2832	34960	1223	13680	31116	11062	22572	11016	76104	5256	4224	876	1848	2760	109104	18664	2112	1030	5448	10224	193428	14904	27656	5110	8304	10296	1536	105984	2432	1248	13569	276	10801	6336	432	864	2424	1920	41072	1104	2024	16216	5775	5904	18096	3792	3552	17856	1584
185	0	0	0	0	0	0	0	0	0	0	0	0	0	0	0	0	0	0	0	0	0	0	0	0	0	0	0	0	0	0	0	0	0	0	0	0.012	0	0.009	0	0	0	0	0	0	0.005	0	0	0	0	0	0	0	0	0	0.002	0.003	0	0	0.005	0	0	0.005	0.005	0	0.007	0.003	0	0	0	0	0.002	0	0	0.005	0	0	0	0.004	0	0	0	0	0	0	0	0	0	0	0	0.003	0	0	0	0	0	0	0	0	0
188	0	0	0	0	0	0	0	0	0	0	0	0	0	0	0	0	0	0	0	0	0	0	0	0	0	0	0	0	0	0	0	0.184	0	0.126	0.188	0.189	0.179	0.221	0.212	0.231	0.173	0.129	0.182	0.139	0.207	0.165	0.212	0.251	0.252	0.516	0.195	0.195	0.385	0.204	0.181	0.182	0.227	0.188	0.204	0.229	0.183	0.247	0.231	0.204	0.204	0.185	0.139	0.187	0.222	0.322	0.222	0.216	0.219	0.194	0.21	0.169	0.136	0.224	0.163	0.093	0.14	0.138	0.255	0	0.014	0.301	0.177	0.106	0.206	0.219	0.277	0.201	0.177	0.191	0.184	0.191	0.3	0.195	0.201
191.5	0	0.003	0.007	0	0.002	0.006	0.003	0.007	0.004	0.011	0.009	0	0.008	0.005	0.007	0.003	0.009	0.006	0.006	0.007	0.003	0.006	0.009	0.005	0.006	0	0	0.002	0	0.008	0.005	0.051	0	0.07	0	0.041	0	0.033	0.019	0.019	0.04	0.043	0.05	0.029	0.028	0.036	0	0	0.018	0	0.034	0.033	0	0.031	0.032	0.03	0.032	0.038	0.032	0.036	0.053	0.034	0.034	0.051	0.032	0.036	0.02	0.039	0.035	0.035	0.035	0.036	0.042	0.038	0.044	0.05	0.035	0.03	0.032	0.031	0.033	0.018	0.019	0.024	0.056	0	0.014	0.033	0.028	0.034	0.035	0.034	0.035	0.029	0.022	0.034	0	0.034	0
194.6	0.132	0.133	0.198	0.229	0.126	0.258	0.164	0.249	0.222	0.353	0.223	0	0.257	0.228	0.245	0.038	0.209	0.21	0.148	0.22	0.115	0.224	0.228	0.158	0.198	0.208	0.086	0.113	0	0.248	0.108	0.626	0	0.704	0.681	0.658	0.659	0.611	0.65	0.722	0.639	0.686	0.641	0.657	0.66	0.726	0.381	0.692	0.589	0.261	0.65	0.636	0.486	0.601	0.652	0.608	0.66	0.653	0.611	0.606	0.611	0.58	0.512	0.61	0.626	0.635	0.747	0.671	0.616	0.604	0.619	0.587	0.611	0.649	0.617	0.624	0.62	0.621	0.681	0.744	0.663	0.804	0.569	0.914	0.931	0.534	0.58	0.665	0.63	0.592	0.581	0.635	0.669	0.653	0.688	0.677	0.55	0.69	0.597
197.5	0.03	0.028	0.028	0.024	0.019	0.018	0.025	0.023	0.025	0.027	0.026	0.027	0.029	0.03	0.021	0.036	0.029	0.027	0.029	0.025	0.035	0.027	0.031	0.032	0.031	0.027	0.042	0.03	0	0.032	0.044	0.14	0	0.1	0.131	0.1	0.162	0.126	0.119	0.028	0.148	0.141	0.126	0.175	0.1	0.072	0.406	0.057	0.14	0.223	0.12	0.135	0.129	0.164	0.133	0.177	0.081	0.121	0.148	0.129	0.153	0.135	0.218	0.136	0.131	0.142	0.094	0.102	0.126	0.039	0.122	0.162	0.127	0.114	0.129	0.156	0.209	0.121	0.124	0.131	0.164	0.04	0.156	0.063	0	0.167	0.229	0.196	0.136	0.151	0.107	0.131	0.12	0.128	0.105	0.098	0.15	0.082	0.203
200.6	0.64	0.545	0.605	0.504	0.739	0.386	0.599	0.559	0.55	0.406	0.554	0.604	0.508	0.519	0.559	0.738	0.578	0.581	0.638	0.576	0.659	0.601	0.507	0.621	0.536	0.582	0.747	0.662	0	0.579	0.63	0	0	0	0	0	0	0	0	0	0	0	0	0	0	0	0	0	0	0	0	0	0	0	0	0	0	0	0	0	0	0	0	0	0	0	0	0	0	0	0	0	0	0	0	0	0	0	0	0	0	0	0	0	0	0	0	0	0	0	0	0	0	0	0	0	0	0	0
203.7	0.198	0.291	0.162	0.243	0.114	0.332	0.209	0.162	0.199	0.203	0.188	0.369	0.198	0.213	0.168	0.147	0.175	0.176	0.179	0.172	0.188	0.142	0.225	0.184	0.229	0.183	0.125	0.193	0	0.133	0.213	0	0	0	0	0	0	0	0	0	0	0	0	0	0	0	0	0	0	0	0	0	0	0	0	0	0	0	0	0	0	0	0	0	0	0	0	0	0	0	0	0	0	0	0	0	0	0	0	0	0	0	0	0	0	0	0	0	0	0	0	0	0	0	0	0	0	0	0
206.5	0	0	0	0	0	0	0	0	0	0	0	0	0	0.005	0	0.038	0	0	0	0	0	0	0	0	0	0	0	0	0	0	0	0	0	0	0	0	0	0	0	0	0	0	0	0	0	0	0	0	0	0	0	0	0	0	0	0	0	0	0	0	0	0	0	0	0	0	0	0	0	0	0	0	0	0	0	0	0	0	0	0	0	0	0	0	0	0	0	0	0	0	0	0	0	0	0	0	0	0	0
SMU31768	NA	NA	NA	NA	NA	NA	NA	NA	NA	NA	NA	NA	NA	NA	NA	NA	NA	NA	NA	NA	NA	NA	NA	NA	NA	NA	NA	NA	NA	NA	NA	NA	NA	NA	NA	NA	NA	NA	NA	NA	NA	NA	NA	NA	NA	NA	NA	NA	NA	NA	NA	NA	NA	NA	NA	NA	NA	NA	NA	NA	NA	NA	NA	NA	NA	NA	NA	NA	NA	NA	NA	NA	NA	NA	NA	NA	NA	NA	NA	NA	NA	NA	NA	NA	NA	NA	NA	NA	NA	NA	NA	NA	NA	NA	NA	NA	NA	NA	NA
n	9376	13824	45144	42081	3119	5185	8232	15864	8208	38880	8976	4292	41928	109735	28663	1536	14408	49712	14128	7304	7416	7544	22176	22056	74112	13720	16729	4992	2664	1642	55536	1344	3552	1000	32495	15912	1896	3072	864	732	1152	2124	15264	59496	31016	2730	2772	876	2844	1344	2832	34960	992	9256	31116	11062	22572	11016	76104	5256	4224	876	1848	2760	109104	18664	2112	1030	5448	10224	193428	14904	27656	5110	8304	10296	1536	105984	2432	1248	13569	278	10801	6336	432	864	552	1920	41072	1104	2024	16216	5775	5904	18095	3792	3552	10272	3480
184.8	0	0	0	0	0	0	0	0	0	0	0	0	0	0	0	0	0	0	0	0	0	0	0	0	0	0	0	0	0	0	0	0.048	0.176	0.47	0	0	0.593	0	0.003	0	0.04	0	0.172	0.024	0	0	0	0	0	0	0	0	0	0	0	0	0	0	0	0	0	0	0	0	0	0	0	0	0	0	0	0.08	0	0	0.106	0.027	0	0	0.034	0.019	0.01	0	0.102	0.072	0	0.096	0.136	0.015	0	0.01	0.005	0.008	0.002	0	0	0	0	0	0
189.8	0.012	0	0	0.01	0.015	0.005	0.01	0.006	0.018	0.007	0.01	0.003	0.008	0.012	0.008	0.016	0.013	0.009	0.011	0.007	0.012	0.013	0.017	0.017	0.012	0.011	0	0	0	0	0.009	0.02	0.011	0.014	0.011755655	0.015	0	0.023	0.019	0.014	0.014	0.009	0.017	0.02	0.023	0.005128205	0.014	0.015	0.023	0.007	0.02	0.019	0.01	0.021	0.023	0.014	0.023	0.025	0.022	0.022	0.012	0.027	0.023	0.019	0.019	0.016	0.009	0.021	0.017	0.012	0.021	0.018	0.023	0.018	0.019	0.025	0.017	0.018	0.016	0.018	0.022	0.010791367	0.015	0.025	0.032	0.032	0.005	0.023	0.02	0.034	0.017	0.02	0.019	0.016	0.01337386	0.011	0.025	0.014	0.015
192.9	0.061	0.109	0.134	0.106	0.148	0.106	0.128	0.09	0.076	0.156	0.14	0.045	0.077	0.13	0.087	0.081	0.13	0.102	0.111	0.12	0.143	0.13	0.17	0.018	0.112	0.093	0.284	0.134	0.041	0.045	0.098	0.029	0.043	0.014	0.066810279	0.074	0.043	0.047	0.038	0.098	0.124	0.059	0.04	0.03	0.066	0.048717949	0	0.053	0.025	0.023	0.071	0.053	0	0.064	0.062	0.05	0.048	0.039	0.062	0.035	0.096	0.064	0.032	0.055	0.061	0.053	0.011	0.043	0.057	0.094	0.066	0.054	0.063	0.061	0.035	0.055	0	0.065	0.05	0.104	0.059	0	0.041	0.018	0.164	0.05	0.029	0.086	0.057	0.027	0.047	0.056	0.097	0.067	0.049516441	0.013	0.062	0.084	0.101
196	0.015	0.01	0.011	0.012	0.007	0.006	0.005	0.021	0.003	0.013	0.008	0.003	0.006	0.009	0.019	0.005	0.01	0.011	0.013	0.014	0.006	0.01	0.011	0.009	0.015	0.011	0.008	0.0105	0.024	0.027	0.006	0.019	0.022	0	0.024188337	0.009	0.003	0.023	0.02	0.036	0.009	0.041	0.018	0.012	0.023	0.016117216	0.004	0.039	0.012	0.028	0.032	0.018	0.051	0.021	0.023	0.02	0.028	0.026	0.02	0.027	0.018	0.014	0.038	0.02	0.019	0.02	0.041	0.028	0.021	0.017	0.018	0.024	0.022	0.022	0.022	0.023	0.015	0.022	0.025	0.006	0.017	0	0.02	0.006	0	0.021	0.02	0.019	0.021	0.008	0.019	0.022	0.019	0.023	0.023873998	0.037	0.017	0.004	0.021
199.1	0.124	0.135	0.123	0.125	0.113	0.093	0.124	0.061	0.108	0.1	0.101	0.122	0.13	0.126	0.121	0.131	0.125	0.108	0.128	0.115	0.114	0.131	0.121	0.166	0.121	0.111	0.102	0.102	0.158	0.153	0.109	0.162	0.132	0.079	0.177904293	0.117	0.034	0.188	0.184	0.142	0.116	0.169	0.146	0.226	0.171	0.18021978	0.141	0.162	0.175	0.137	0.18	0.16	0.183	0.165	0.169	0.162	0.161	0.192	0.171	0.182	0.149	0.192	0.201	0.169	0.158	0.16	0.153	0.167	0.17	0.167	0.165	0.163	0.167	0.155	0.15	0.172	0.18	0.164	0.155	0.124	0.163	0.086330935	0.144	0.151	0.167	0.164	0.15	0.185	0.168	0.18	0.175	0.158	0.157	0.164	0.179165515	0.171	0.172	0.138	0.132
202.2	0.312	0.324	0.346	0.348	0.34	0.287	0.323	0.311	0.169	0.34	0.283	0.462	0.341	0.266	0.305	0.482	0.364	0.32	0.347	0.339	0.369	0.327	0.259	0.304	0.332	0.338	0.235	0.349	0.377	0.396	0.383	0.366	0.403	0.188	0.375965533	0.288	0.15	0.401	0.412	0.374	0.341	0.466	0.318	0.439	0.374	0.391941392	0.456	0.341	0.341	0.487	0.364	0.371	0.451	0.377	0.384	0.402	0.336	0.388	0.391	0.369	0.418	0.427	0.412	0.414	0.368	0.367	0.404	0.392	0.46	0.369	0.371	0.342	0.372	0.35	0.349	0.393	0.487	0.352	0.382	0.381	0.326	0.18705036	0.348	0.442	0.347	0.273	0.402	0.344	0.372	0.282	0.427	0.37	0.37	0.391	0.397126278	0.477	0.336	0.381	0.288
205.2	0.023	0.021	0.022	0.031	0.051	0.025	0.022	0.05	0.041	0.031	0.026	0.05	0.024	0.026	0.029	0.031	0.021	0.028	0.026	0.019	0.019	0.032	0.05	0.023	0.027	0.03	0.033	0.013	0.024	0.015	0.014	0.036	0.016	0.02	0.043268195	0.024	0.01	0.038	0.042	0.086	0.024	0.056	0.043	0.038	0.035	0.044688645	0.045	0.03	0.048	0.033	0.047	0.039	0.065	0.042	0.039	0.04	0.039	0.047	0.042	0.05	0.031	0.041	0.041	0.04	0.04	0.036	0.042	0.039	0.037	0.038	0.039	0.037	0.038	0.041	0.034	0.037	0.035	0.041	0.04	0.026	0.044	0.061151079	0.026	0.027	0.035	0.096	0.004	0.034	0.038	0.061	0.037	0.039	0.043	0.04	0.036253109	0.032	0.059	0.027	0.047
208.2	0.098	0.098	0.082	0.084	0.076	0.1	0.081	0.088	0.11	0.091	0.111	0.083	0.085	0.096	0.084	0.06	0.075	0.083	0.076	0.083	0.083	0.089	0.099	0.08	0.086	0.086	0.088	0.096	0.074	0.082	0.071	0.08	0.05	0.05	0.082351131	0.119	0.038	0.072	0.081	0.066	0.095	0.048	0.069	0.065	0.075	0.089377289	0.078	0.079	0.093	0.047	0.071	0.08	0.035	0.073	0.081	0.082	0.097	0.075	0.073	0.083	0.076	0.066	0.071	0.078	0.072	0.084	0.082	0.078	0.06	0.08	0.074	0.072	0.074	0.076	0.068	0.065	0.07	0.08	0.065	0.085	0.09	0.107913669	0.072	0.069	0.076	0.068	0.065	0.073	0.073	0.103	0.065	0.071	0.066	0.072	0.078253661	0.071	0.101	0.084	0.1
211.2	0.2	0.17	0.154	0.156	0.125	0.194	0.166	0.185	0.256	0.153	0.178	0.12	0.192	0.181	0.176	0.122	0.139	0.164	0.155	0.154	0.142	0.147	0.145	0.193	0.162	0.167	0.142	0.147	0.164	0.155	0.154	0.125	0.076	0.075	0.096845669	0.178	0.073	0.1	0.1	0.061	0.115	0.071	0.093	0.069	0.102	0.100732601	0.146	0.124	0.13	0.111	0.086	0.119	0.075	0.102	0.11	0.117	0.134	0.097	0.098	0.121	0.083	0.075	0.101	0.117	0.105	0.119	0.119	0.115	0.094	0.105	0.109	0.113	0.117	0.111	0.108	0.103	0.09	0.11	0.096	0.111	0.138	0.244604317	0.119	0.083	0.079	0.102	0.121	0.104	0.101	0.167	0.088	0.104	0.096	0.096	0.106327715	0.091	0.119	0.126	0.149
214.3	0.103	0.085	0.076	0.092	0.063	0.104	0.076	0.085	0.11	0.082	0.096	0.086	0.097	0.091	0.09	0.049	0.073	0.087	0.082	0.087	0.061	0.079	0.087	0.125	0.09	0.088	0.056	0.067	0.078	0.072	0.091	0.061	0.042	0.048	0.068410525	0.119	0.039	0.057	0.066	0.057	0.075	0.047	0.054	0.052	0.065	0.068498168	0.098	0.082	0.077	0.076	0.064	0.074	0.054	0.066	0.066	0.072	0.08	0.06	0.066	0.074	0.058	0.055	0.05	0.055	0.077	0.078	0.088	0.068	0.057	0.068	0.071	0.059	0.069	0.077	0.064	0.06	0.066	0.081	0.069	0.076	0.072	0.143884892	0.066	0.068	0.056	0.059	0.049	0.066	0.072	0.09	0.063	0.07	0.065	0.072	0.070958828	0.056	0.071	0.082	0.093
217.4	0.0045	0.005	0.018	0	0.021	0.03	0.025	0.047	0.027	0	0.007	0	0	0.022	0.035	0.006	0.009	0.045	0.014	0.011	0.005	0.012	0.009	0.019	0.007	0.026	0.028	0.027	0.017	0.019	0.03	0.027	0.017	0.014	0.028065856	0.027	0.011	0.027	0.022	0.027	0.022	0.018	0.017	0.017	0.035	0.044322344	0.006	0.025	0.039	0.019	0.029	0.031	0.027	0.033	0.019	0.018	0.035	0.03	0.033	0.017	0.029	0.014	0.022	0.018	0.039	0.033	0.031	0.027	0.014	0.027	0.031	0.018	0.028	0.04	0.03	0.023	0.029	0.032	0.034	0.019	0.026	0.050359712	0.02	0.024	0.037	0.02	0.011	0.019	0.038	0.02	0.03	0.039	0.033	0.027	0.019287096	0.022	0.026	0.03	0.025
220.4	0.038	0.03	0.025	0.026	0.039	0.034	0.026	0.037	0.057	0.021	0.035	0.021	0.03	0.028	0.032	0.014	0.027	0.029	0.024	0.039	0.029	0.021	0.024	0.033	0.026	0.028	0.019	0.044	0.03	0.028	0.02	0.019	0.011	0.02	0.022034159	0.024	0.007	0.015	0.014	0.034	0.014	0.013	0.011	0.008	0.019	0.006593407	0.012	0.039	0.024	0.03	0.02	0.022	0.031	0.021	0.019	0.019	0.019	0.021	0.021	0.018	0.021	0.016	0.008	0.016	0.023	0.019	0.019	0.017	0.012	0.014	0.021	0.014	0.019	0.028	0.016	0.015	0.008	0.022	0.019	0.029	0.023	0.064748201	0.023	0.012	0.005	0.017	0.009	0.019	0.023	0.014	0.02	0.023	0.021	0.019	0.017905499	0.013	0.007	0.02	0.021
223.5	0.005	0.013	0.009	0.007	0.002	0.011	0.012	0.011	0.012	0.006	0.005	0.005	0.01	0.009	0.012	0.001	0.01	0.01	0.009	0.011	0.013	0.007	0.008	0.013	0.01	0.009	0.005	0.0105	0.013	0.008	0.015	0.005	0	0.009	0.002400369	0.006	0	0.005	0	0.001	0.01	0.001	0.002	0	0.007	0.001831502	0	0.011	0.004	0.001	0.009	0.008	0.01	0.006	0.006	0.004	0	0	0	0.003	0	0.007	0	0	0.008	0.007	0.002	0	0.001	0.011	0.007	0.005	0.004	0.009	0	0	0	0.008	0.008	0	0.004	0.039568345	0.006	0.003	0	0	0	0.006	0.008	0.005	0.002	0.006	0.005	0.003	0.005305333	0.004	0.005	0.003	0.007
226.5	0.0045	0	0	0.003	0	0.005	0.002	0.008	0.013	0	0	0	0	0.004	0.002	0.002	0.004	0.004	0.004	0.001	0.004	0.002	0	0	0	0.002	0	0	0	0	0	0.003	0	0	0	0	0	0.004	0	0.001	0	0.004	0	0	0.007	0.001831502	0	0	0.008	0.004	0.007	0.006	0.008	0.008	0	0	0	0	0	0	0.007	0.003	0	0	0.011	0.008	0	0.005	0.001	0	0.007	0.002	0.004	0.012	0	0	0.004	0.006	0.009	0	0.005	0.003597122	0.001	0	0	0	0	0.007	0.009	0	0.006	0.012	0.007	0.008	0.002652666	0.003	0	0.007	0
15J15A	NA	NA	NA	NA	NA	NA	NA	NA	NA	NA	NA	NA	NA	NA	NA	NA	NA	NA	NA	NA	NA	NA	NA	NA	NA	NA	NA	NA	NA	NA	NA	NA	NA	NA	NA	NA	NA	NA	NA	NA	NA	NA	NA	NA	NA	NA	NA	NA	NA	NA	NA	NA	NA	NA	NA	NA	NA	NA	NA	NA	NA	NA	NA	NA	NA	NA	NA	NA	NA	NA	NA	NA	NA	NA	NA	NA	NA	NA	NA	NA	NA	NA	NA	NA	NA	NA	NA	NA	NA	NA	NA	NA	NA	NA	NA	NA	NA	NA	NA
n	9376	13824	45144	42081	3119	5185	8232	15864	8208	38880	8976	4292	41928	109735	28663	1536	14408	49712	14128	7304	7416	7544	22176	22056	74112	13720	16729	4992	2664	1642	55536	1344	3552	1000	32495	15912	1896	3072	864	793	1152	2124	15264	59496	31016	1272	2772	876	2844	985	2832	34960	1224	13679	31116	11062	22572	11016	76104	5256	4224	876	1848	2760	109104	18664	2112	1030	5448	10224	193428	14904	27656	5110	8304	10296	1536	105984	2432	1248	13569	275	10801	6336	432	864	552	1920	41072	1104	2024	16216	5775	5904	18095	3792	3552	10272	3480
205	0	0	0	0	0	0	0	0	0	0	0	0	0	0	0	0	0	0	0	0	0	0	0	0	0	0	0	0	0	0	0	0	0	0	0	0	0	0	0	0	0	0	0	0	0	0	0	0	0	0	0	0	0	0	0	0	0	0	0	0	0	0	0	0	0	0	0	0	0	0	0	0	0	0	0	0	0	0	0	0	0	0	0	0	0	0	0	0	0	0	0	0	0	0	0	0	0	0	0
208.4	0.015	0	0.001	0.025	0	0	0.0035	0.003	0	0.005	0.001	0	0.002	0.012	0.002	0	0	0	0	0	0	0	0.003	0.001	0.004	0	0	0	0	0	0	0	0	0	0.011	0	0.035	0	0	0	0	0	0	0.036	0.011	0	0	0	0	0	0.015	0.006	0	0.002	0.008	0.006	0	0	0	0	0	0	0	0	0	0	0	0	0	0	0	0	0	0	0.006	0	0	0	0.02	0	0.001	0	0.001	0	0	0	0	0	0.002	0.005	0	0	0.019	0	0.001	0	0	0	0.022
211.4	0.011	0.007	0.016	0.017	0.005	0.024	0.016	0.01	0.017	0.014	0.011	0.011	0.028	0.024	0.051	0.006	0.016	0.023	0.009	0.006	0.008	0.024	0.019	0.024	0.014	0.015	0.009	0.01	0.01	0.008	0.012	0.023	0	0	0.015	0.028	0	0.011	0.009	0.003	0.021	0.003	0.037	0.015	0.01	0.011	0	0.007	0.018	0	0.011	0.025	0	0.029	0.018	0.018	0.024	0.019	0.019	0.037	0.036	0.015	0.008	0	0.019	0.012	0	0.014	0.003	0.107	0.02	0.023	0.018	0.02	0.005	0.032	0.025	0.013	0.01	0.01	0.061	0.004	0.001	0.006	0	0.016	0	0.015	0.02	0.012	0.005	0.023	0.017	0.02	0.009	0.003	0.053	0.005	0.003
214.4	0.193	0.115	0.138	0.151	0.062	0.083	0.106	0.116	0.078	0.142	0.071	0.207	0.165	0.209	0.114	0.119	0.105	0.154	0.146	0.105	0.103	0.172	0.126	0.239	0.12	0.145	0.165	0.279	0.206	0.147	0.266	0.149	0.12	0	0.171	0.294	0.149	0.203	0.192	0.165	0.438	0.189	0.177	0.334	0.142	0.228	0.024	0.187	0.125	0.133	0.181	0.162	0.217	0.163	0.159	0.163	0.176	0.182	0.164	0.162	0.166	0.14	0.234	0.166	0.177	0.176	0.123	0.238	0.121	0.089	0.169	0.163	0.151	0.151	0.142	0.214	0.291	0.156	0.231	0.22	0.162	0.16	0.157	0.273	0.051	0.193	0.201	0.238	0.151	0.212	0.096	0.154	0.18	0.168	0.202	0.207	0.341	0.248	0.197
217.4	0.433	0.477	0.529	0.382	0.503	0.387	0.435	0.712	0.398	0.419	0.473	0.354	0.42	0.327	0.448	0.531	0.553	0.48	0.483	0.6	0.617	0.463	0.416	0.444	0.505	0.488	0.507	0.388	0.303	0.371	0.41	0.446	0.555	0.568	0.414	0.353	0.36	0.5	0.514	0.455	0.363	0.327	0.422	0.362	0.432	0.387	0.62	0.428	0.506	0.331	0.407	0.411	0.353	0.412	0.443	0.403	0.488	0.342	0.431	0.397	0.377	0.4	0.367	0.429	0.419	0.399	0.515	0.46	0.348	0.279	0.429	0.437	0.448	0.418	0.449	0.427	0.49	0.442	0.468	0.312	0.405	0.575	0.423	0.404	0.685	0.428	0.435	0.321	0.45	0.448	0.473	0.408	0.43	0.414	0.414	0.408	0.399	0.463	0.368
220.5	0.07	0.144	0.089	0.138	0.185	0.149	0.186	0.06	0.172	0.105	0.178	0.063	0.101	0.151	0.081	0.08	0.142	0.107	0.132	0.076	0.069	0.075	0.095	0.033	0.111	0.11	0.185	0.127	0.094	0.283	0.148	0.112	0.164	0.181	0.15	0.094	0.257	0.113	0.108	0.343	0.023	0.115	0.152	0.164	0.152	0.168	0.22	0.194	0.138	0.402	0.172	0.152	0.077	0.18	0.143	0.138	0.108	0.154	0.142	0.157	0.227	0.208	0.12	0.166	0.154	0.159	0.074	0.118	0.259	0.201	0.148	0.14	0.137	0.177	0.144	0.119	0.083	0.162	0.075	0.184	0.166	0.182	0.208	0.145	0.213	0.155	0	0.203	0.147	0.091	0.199	0.158	0.158	0.142	0.132	0.099	0.064	0.07	0.121
223.5	0.087	0.139	0.113	0.136	0.156	0.153	0.096	0.069	0.129	0.14	0.147	0.167	0.084	0.117	0.115	0.081	0.073	0.095	0.098	0.052	0.044	0.073	0.158	0.091	0.125	0.104	0.037	0.063	0.077	0.057	0.12	0.072	0.024	0.046	0.079	0.08	0.051	0.048	0.036	0.005	0.043	0.159	0.064	0.044	0.094	0.07	0.015	0.094	0.044	0.023	0.08	0.089	0.034	0.073	0.071	0.073	0.068	0.13	0.066	0.072	0.049	0.082	0.098	0.079	0.072	0.08	0.064	0.05	0.106	0.047	0.074	0.07	0.074	0.073	0.092	0.058	0.024	0.077	0.054	0.125	0.061	0.007	0.057	0.153	0.019	0.066	0.121	0.047	0.087	0.11	0.061	0.081	0.057	0.082	0.104	0.102	0	0.059	0.123
226.5	0.189	0.118	0.109	0.143	0.089	0.197	0.148	0.017	0.202	0.141	0.114	0.116	0.196	0.148	0.157	0.167	0.106	0.134	0.131	0.161	0.139	0.171	0.172	0.162	0.117	0.118	0.062	0.131	0.292	0.072	0.04	0.197	0.114	0.206	0.14	0.143	0.131	0.109	0.125	0.029	0.112	0.196	0.132	0.038	0.145	0.107	0.121	0.089	0.15	0.083	0.126	0.142	0.251	0.128	0.141	0.173	0.131	0.16	0.169	0.154	0.146	0.154	0.141	0.159	0.142	0.159	0.181	0.101	0.151	0.276	0.143	0.151	0.147	0.153	0.147	0.142	0.083	0.132	0.131	0.149	0.13	0.073	0.145	0.019	0.032	0.142	0.243	0.148	0.127	0.095	0.165	0.159	0.132	0.169	0.121	0.156	0.047	0.151	0.161
229.5	0.002	0	0.005	0.008	0	0.007	0.0035	0.008	0	0.034	0.005	0.082	0.004	0.012	0.032	0.011	0.005	0.007	0.001	0	0.011	0.022	0.011	0.001	0.004	0.02	0.035	0.002	0.018	0.062	0.004	0	0.022	0	0.018	0	0.017	0.016	0.015	0	0	0.012	0.016	0.008	0.014	0.029	0	0	0.018	0.027	0.008	0.013	0.068	0.012	0.014	0.021	0.006	0.012	0.009	0.021	0	0	0.031	0	0.018	0.015	0.044	0.018	0.012	0	0.017	0.012	0.024	0.009	0.015	0.009	0.003	0.019	0.011	0	0.015	0	0.007	0	0	0	0	0.029	0.016	0.028	0.001	0.016	0.007	0.005	0.017	0.024	0.097	0.003	0.004
232.4	0	0	0	0	0	0	0.006	0.005	0.004	0	0	0	0	0	0	0.005	0	0	0	0	0.009	0	0	0.005	0	0	0	0	0	0	0	0	0	0	0.001	0.008	0	0	0	0	0	0	0	0	0	0	0	0	0	0	0	0	0	0	0.003	0.006	0	0	0	0	0	0	0	0	0	0	0	0	0	0	0	0.004	0	0	0	0	0	0	0	0	0	0	0	0	0	0	0	0	0	0	0	0	0	0	0	0	0	0	0
235.6	0	0	0	0	0	0	0	0	0	0	0	0	0	0	0	0	0	0	0	0	0	0	0	0	0	0	0	0	0	0	0	0	0	0	0	0	0	0	0	0	0	0	0	0	0	0	0	0	0	0	0	0	0	0	0	0	0	0	0	0	0	0	0	0	0	0	0	0	0	0	0	0	0	0	0	0	0	0	0	0	0	0	0	0	0	0	0	0	0	0	0	0	0	0	0	0	0	0	0
29E6A	NA	NA	NA	NA	NA	NA	NA	NA	NA	NA	NA	NA	NA	NA	NA	NA	NA	NA	NA	NA	NA	NA	NA	NA	NA	NA	NA	NA	NA	NA	NA	NA	NA	NA	NA	NA	NA	NA	NA	NA	NA	NA	NA	NA	NA	NA	NA	NA	NA	NA	NA	NA	NA	NA	NA	NA	NA	NA	NA	NA	NA	NA	NA	NA	NA	NA	NA	NA	NA	NA	NA	NA	NA	NA	NA	NA	NA	NA	NA	NA	NA	NA	NA	NA	NA	NA	NA	NA	NA	NA	NA	NA	NA	NA	NA	NA	NA	NA	NA
n	9376	13824	45144	42081	3119	5185	8232	15864	8208	22967	8976	4292	41928	109735	28663	1536	14408	49712	14128	7304	7416	7544	22176	22056	74112	13720	16729	4992	2664	1642	55536	1344	3552	1000	32497	15912	1896	3072	864	791	1152	2124	15264	59496	31016	2728	2772	876	2844	984	2832	34960	1224	13679	31116	11062	16103	11016	76104	5256	4224	876	1848	2760	109104	18664	2112	1030	5448	10224	193428	14904	27656	5110	8304	10296	1536	105984	2432	1248	13569	276	10801	6336	432	864	552	1920	41072	1104	2024	16216	5775	5904	18095	3792	3552	10272	3480
153.8	0	0	0	0	0	0	0	0	0	0	0	0	0	0	0	0	0	0	0	0	0	0	0	0	0	0	0	0	0	0	0	0	0	0	0	0.073	0	0	0	0.01517067	0	0	0	0	0.039	0.001099707	0.312	0	0	0	0	0	0	0	0	0	0.000248401	0	0	0	0	0	0	0.008	0.003	0	0.089	0	0.145	0	0	0	0	0.063	0	0	0	0	0	0	0	0	0	0	0	0	0	0	0	0	0	0	0	0.002	0	0.003	0.019	0.047	0
156.5	0	0	0	0	0	0	0	0	0	0	0	0	0	0	0	0	0	0	0	0	0	0	0	0	0	0	0	0	0	0	0	0	0	0	0.004492722	0	0	0	0	0	0	0	0	0	0	0	0	0	0	0	0	0	0	0	0.003	0.012	0	0	0	0	0	0	0	0	0	0	0	0	0	0	0.001	0	0	0	0	0	0	0.002	0	0	0	0	0	0	0.002	0	0	0	0	0	0	0	0	0	0.001878972	0	0	0	0
159.5	0.007	0.019	0.032	0.027	0.01	0.008	0.031	0.002	0.012	0.032916794	0.023	0.003	0.014	0.027	0.036	0	0.019	0.02	0.028	0.034	0	0.013	0.036	0.005	0.026	0.036	0.119	0.198	0.03	0.163	0.185	0.039	0.023	0.065	0.066590762	0.1	0.062	0.062	0.084	0.06573957	0.025	0.051	0.088	0.061	0.043	0.048020528	0	0.107	0.058	0.056910569	0.138	0.068	0.085784314	0.060092112	0.068	0.079	0.045084767	0.111	0.08	0.048	0.075	0.043	0.107	0.076	0.054	0.058	0.019	0.065	0.026	0	0.081	0.055	0.07	0.058	0.08	0.063	0.042	0.061	0.054	0.012	0.103	0	0.058	0.021	0.338	0.113	0.078	0.015	0.069	0.065	0.094	0.046	0.075	0.081	0.073722023	0.079	0.139	0.094	0.053
162.5	0.393	0.344	0.361	0.418	0.544	0.389	0.402	0.229	0.26	0.365393826	0.395	0.178	0.378	0.351	0.374	0.007	0.456	0.388	0.37	0.368	0.013	0.323	0.397	0.251	0.383	0.342	0.385	0.406	0.38	0.337	0.493	0.367	0.612	0.151	0.368218605	0.335	0.319	0.377	0.425	0.290771176	0.379	0.455	0.359	0.436	0.398	0.278225806	0.239	0.281	0.446	0.587398374	0.384	0.397	0.214052288	0.350683529	0.404	0.397	0.429485189	0.396	0.409	0.273	0.369	0.438	0.655	0.384	0.391	0.434	0.454	0.445	0.344	0.262	0.376	0.395	0.381	0.373	0.38	0.367	0.462	0.426	0.45	0.465	0.299	0.181	0.378	0.425	0.023	0.427	0.438	0.491	0.403	0.419	0.473	0.379	0.429	0.425	0.388670904	0.348	0.432	0.394	0.338
165.5	0.062	0.063	0.062	0.061	0.044	0.121	0.029	0.117	0.013	0.072059912	0.04	0.107	0.095	0.06	0.062	0.393	0.063	0.068	0.104	0.09	0.312	0.115	0.076	0.173	0.059	0.076	0.099	0.055	0.114	0.124	0.076	0.122	0.161	0.155	0.131827553	0.099	0.203	0.12	0.115	0.10619469	0.118	0.114	0.096	0.088	0.13	0.267961877	0.052	0.094	0.108	0.038617886	0.093	0.115	0.173202614	0.119891805	0.11	0.087	0.071228964	0.132	0.094	0.299	0.108	0.098	0.102	0.153	0.117	0.093	0.172	0.089	0.099	0.31	0.108	0.118	0.121	0.083	0.098	0.116	0.124	0.094	0.119	0.086	0.088	0.17	0.115	0.121	0.306	0.088	0.232	0.072	0.121	0.072	0.123	0.111	0.098	0.096	0.112738326	0.068	0.039	0.066	0.092
168.5	0.144	0.176	0.164	0.157	0.111	0.222	0.165	0.309	0.154	0.18787826	0.129	0.173	0.122	0.151	0.123	0.144	0.099	0.148	0.141	0.208	0.056	0.144	0.158	0.182	0.156	0.158	0.295	0.166	0.242	0.167	0.11	0.321	0	0.376	0.221312737	0.211	0.262	0.229	0.197	0.094816688	0.272	0.18	0.263	0.17	0.223	0.242668622	0.396	0.264	0.273	0.045731707	0.191	0.217	0.361928105	0.24131881	0.219	0.223	0.234800969	0.251	0.21	0.21	0.235	0.212	0.094	0.181	0.25	0.192	0.17	0.173	0.204	0.309	0.228	0.243	0.236	0.243	0.235	0.281	0.167	0.218	0.189	0.217	0.26	0.362	0.249	0.102	0.19	0.172	0.205	0.171	0.222	0.23	0.125	0.263	0.226	0.22	0.205194805	0.236	0.151	0.243	0.215
171.5	0.354	0.371	0.351	0.332	0.262	0.257	0.367	0.307	0.508	0.326163626	0.39	0.517	0.378	0.389	0.364	0.163	0.329	0.363	0.34	0.264	0.131	0.352	0.311	0.383	0.357	0.373	0.101	0.175	0.217	0.188	0.136	0.133	0.204	0.253	0.188048128	0.15	0.155	0.201	0.181	0.376738306	0.181	0.174	0.183	0.152	0.158	0.151759531	0	0.237	0.115	0.194105691	0.187	0.183	0.156862745	0.195482126	0.181	0.181	0.197106129	0.107	0.186	0.155	0.192	0.169	0.042	0.199	0.166	0.207	0.097	0.202	0.181	0.119	0.19	0.167	0.17	0.162	0.191	0.149	0.202	0.184	0.173	0.188	0.187	0.268	0.195	0.321	0.141	0.201	0.047	0.249	0.173	0.196	0.174	0.187	0.14	0.16	0.203426361	0.262	0.211	0.134	0.213
174.5	0.04	0.027	0.03	0.005	0.029	0.003	0.006	0.036	0.05	0.012409109	0.02	0.002	0.013	0.02	0.039	0.238	0.031	0.012	0.014	0.02	0.46	0.006	0.022	0.004	0.017	0.012	0.001	0	0.017	0.021	0	0.018	0	0	0.019509493	0.032	0	0.011	0	0.0505689	0.025	0.025	0.012	0.093	0.009	0.01026393	0	0.018	0	0.077235772	0.007	0.02	0.008169935	0.032531618	0.016	0.022	0.022045582	0.002	0.021	0.015	0.022	0.038	0	0	0.019	0.016	0	0.027	0.001	0	0.017	0.021	0.022	0.017	0.016	0.024	0.003	0.014	0.016	0.032	0.063	0.018	0.005	0.009	0	0	0	0.002	0.014	0.017	0.01	0.014	0.033	0.016	0.01436861	0.003	0.008	0.022	0.089
177.4	0	0	0	0	0	0	0	0	0.003	0.003178473	0.003	0.02	0	0.002	0.002	0.055	0.003	0.001	0.003	0.016	0.028	0.047	0	0.002	0.002	0.003	0	0	0	0	0	0	0	0	0	0	0	0	0	0	0	0	0	0	0	0	0	0	0	0	0	0	0	0	0	0	0	0	0	0	0	0	0	0	0	0	0	0	0	0	0	0	0	0	0	0	0	0	0	0	0	0	0	0	0	0	0	0	0	0	0	0	0	0	0	0	0	0	0
180.4	0	0	0	0	0	0	0	0	0	0	0	0	0	0	0	0	0	0	0	0	0	0	0	0	0	0	0	0	0	0	0	0	0	0	0	0	0	0	0	0	0	0	0	0	0	0	0	0	0	0	0	0	0	0	0	0	0	0	0	0	0	0	0	0	0	0	0	0	0	0	0	0	0	0	0	0	0	0	0	0	0	0	0	0	0	0	0	0	0	0	0	0	0	0	0	0	0	0	0
183.5	0	0	0	0	0	0	0	0	0	0	0	0	0	0	0	0	0	0	0	0	0	0	0	0	0	0	0	0	0	0	0	0	0	0	0	0	0	0	0	0	0	0	0	0	0	0	0	0	0	0	0	0	0	0	0	0	0	0	0	0	0	0	0	0	0	0	0	0	0	0	0	0	0	0	0	0	0	0	0	0	0	0	0	0	0	0	0	0	0	0	0	0	0	0	0	0	0	0	0
186.5	0	0	0	0	0	0	0	0	0	0	0	0	0	0	0	0	0	0	0	0	0	0	0	0	0	0	0	0	0	0	0	0	0	0	0	0	0	0	0	0	0	0	0	0	0	0	0	0	0	0	0	0	0	0	0	0	0	0	0	0	0	0	0	0	0	0	0	0	0	0	0	0	0	0	0	0	0	0	0	0	0	0	0	0	0	0	0	0	0	0	0	0	0	0	0	0	0	0	0
SM13-478	NA	NA	NA	NA	NA	NA	NA	NA	NA	NA	NA	NA	NA	NA	NA	NA	NA	NA	NA	NA	NA	NA	NA	NA	NA	NA	NA	NA	NA	NA	NA	NA	NA	NA	NA	NA	NA	NA	NA	NA	NA	NA	NA	NA	NA	NA	NA	NA	NA	NA	NA	NA	NA	NA	NA	NA	NA	NA	NA	NA	NA	NA	NA	NA	NA	NA	NA	NA	NA	NA	NA	NA	NA	NA	NA	NA	NA	NA	NA	NA	NA	NA	NA	NA	NA	NA	NA	NA	NA	NA	NA	NA	NA	NA	NA	NA	NA	NA	NA
n	9376	13824	45144	42081	3119	5185	8232	15864	8208	38880	8976	4292	41928	109735	28663	1536	14408	49712	14128	7304	7416	7544	22176	22056	74112	13720	16729	4992	2664	1642	55536	1344	3552	1000	32497	15912	1896	3072	864	1080	1152	2124	15264	59496	31016	1272	2772	876	2844	981	2832	34960	1225	13680	31116	11062	22572	11016	76104	5256	4224	876	1848	1200	109104	18664	2112	1030	1908	10224	193428	14904	27656	5110	8304	10296	1536	105984	2432	1248	13569	192	8543	6336	432	864	552	1920	41072	1104	2024	16216	5775	5904	18098	3792	3552	10272	3480
225.1	0.0025	0.004	0.005	0.005	0.01	0.004	0.006	0.003	0	0.004	0.0025	0.004	0.007	0.006	0	0.003	0	0	0	0	0.004	0	0.024	0.008	0.015	0.006	0.001	0.004	0	0.005	0	0.005	0	0.034	0.004246546	0	0	0.015	0	0	0	0	0	0.01	0.008	0.021	0	0	0.002	0	0.013	0.013	0	0.009502924	0.011	0.009	0.01	0.014	0.011	0.006	0	0	0	0.005	0.016	0.011	0	0.014	0	0.006	0.013	0.012	0.006	0.014	0.017	0	0.015	0.01	0.023	0	0.014	0.005208333	0.004682196	0	0	0	0	0.003	0.014	0.015	0	0.006	0.011	0	0.003315283	0.007	0	0	0
228.1	0.143	0.137	0.143	0.198	0.019	0.135	0.118	0.096	0.346	0.09	0.184	0.131	0.19	0.146	0.062	0.18	0.145	0.181	0.17	0.129	0.168	0.202	0.23	0.274	0.162	0.143	0.083	0.13	0.128	0.192	0.186	0.232	0.169	0	0.31541373	0.277	0.116	0.253	0.318	0.297222222	0.161	0.077	0	0.291	0.245	0.197	0.038	0.062	0.212	0.179408767	0.305	0.248	0.102040816	0.233845029	0.143	0.24	0.221	0.294	0.239	0.148	0.163	0.174	0.358	0.301666667	0.286	0.243	0.007	0.27	0.173480084	0.007	0.259	0.188	0.13	0.245	0.042	0.235	0.357	0.286	0.261	0.256	0.31	0.302083333	0.32997776	0.445	0.241	0	0.17	0.157	0.208	0.386	0.25	0.228	0.236	0.308	0.227704719	0.29	0.456	0.341	0.005
231.1	0.02	0.062	0.06	0.063	0.0015	0.03	0.075	0.15	0.093	0.076	0.124	0.007	0.059	0.061	0.05	0.072	0.063	0.06	0.072	0.02	0.018	0.028	0.062	0.006	0.056	0.063	0.033	0.002	0.168	0.103	0.014	0.05	0.076	0	0.091946949	0.022	0.045	0.056	0.059	0.022222222	0.029	0.05	0.005	0.235	0.094	0.086	0.001	0.014	0.065	0.114169215	0.098	0.102	0.185306122	0.108333333	0.047	0.096	0.184	0.051	0.109	0.033	0.1	0.066	0.061	0.066666667	0.094	0.083	0.002	0.018	0.009958071	0.003	0.092	0.095	0.042	0.092	0.008	0.108	0.035	0.085	0.088	0.106	0.154	0.255208333	0.099847829	0.054	0.005	0	0.141	0.057	0.057	0.133	0.044	0.103	0.093	0.126	0.116587468	0.082	0.128	0.038	0.003
234	0.533	0.246	0.144	0.103	0.861	0.11	0.106	0.059	0.132	0.1	0.076	0.191	0.089	0.125	0.137	0.235	0.154	0.133	0.141	0.272	0.271	0.155	0.113	0.03	0.107	0.127	0.238	0.056	0.051	0.046	0.071	0.114	0.084	0.966	0.123334462	0.079	0.099	0.146	0.142	0.065740741	0.225	0.728	0.995	0.06	0.102	0.154	0.954	0.605	0.082	0.519877676	0.096	0.111	0.112653061	0.120175439	0.427	0.115	0.138	0.115	0.126	0.543	0.115	0.414	0.123	0.105	0.103	0.126	0.984	0.307	0.189727463	0.984	0.114	0.116	0.554	0.119	0.872	0.143	0.1	0.114	0.095	0.201	0.089	0.135416667	0.088961723	0.048	0.699	1	0.261	0.109	0.342	0.061	0.167	0.083	0.2	0.09	0.136921207	0.128	0.055	0.164	0.986
237	0.179	0.355	0.395	0.405	0.078	0.391	0.425	0.262	0.15	0.449	0.247	0.457	0.391	0.38	0.435	0.4	0.405	0.39	0.369	0.305	0.297	0.353	0.338	0.156	0.377	0.358	0.522	0.716	0.435	0.553	0.63	0.281	0.371	0	0.300212327	0.36	0.388	0.285	0.263	0.435185185	0.387	0.075	0	0.294	0.342	0.363	0.007	0.164	0.366	0.130479103	0.274	0.289	0.314285714	0.28369883	0.196	0.263	0.211	0.25	0.277	0.144	0.437	0.205	0.219	0.280833333	0.277	0.281	0.002	0.293	0.258385744	0	0.308	0.37	0.142	0.267	0.035	0.317	0.321	0.299	0.279	0.264	0.256	0.15625	0.306683835	0.342	0.037	0	0.274	0.414	0.223	0.201	0.328	0.314	0.303	0.339	0.323792684	0.28	0.224	0.214	0.005
240	0.064	0.113	0.166	0.162	0.027	0.215	0.148	0.336	0.149	0.223	0.24	0.17	0.148	0.187	0.199	0.055	0.136	0.154	0.157	0.167	0.168	0.18	0.176	0.146	0.189	0.187	0.06	0.047	0.113	0.04	0.068	0.196	0.3	0	0.133520017	0.148	0.352	0.191	0.175	0.17962963	0.111	0.069	0	0.049	0.159	0.107	0	0.135	0.23	0.046890928	0.181	0.187	0.285714286	0.169590643	0.117	0.175	0.152	0.216	0.176	0.092	0.107	0.112	0.162	0.1875	0.173	0.167	0.003	0.085	0.312368973	0	0.156	0.153	0.1	0.206	0.024	0.132	0.098	0.143	0.198	0.15	0.136	0.145833333	0.137422451	0	0.014	0	0.045	0.169	0.114	0.149	0.172	0.219	0.124	0.08	0.162393635	0.163	0.077	0.187	0.002
243	0.028	0.031	0.036	0.026	0.0015	0.032	0.057	0.006	0.028	0.028	0.06	0.017	0.031	0.037	0.053	0.005	0.027	0.026	0.031	0.017	0.034	0.053	0.021	0.094	0.03	0.051	0.057	0.031	0.042	0.06	0.016	0.069	0	0	0.018001662	0.024	0	0.045	0.043	0	0.089	0	0	0.049	0.024	0.028	0	0.018	0.012	0.006116208	0.031	0.041	0	0.048611111	0.032	0.063	0.057	0.042	0.046	0.021	0.067	0.025	0.077	0.036666667	0.033	0.061	0.002	0.013	0.056079665	0	0.039	0.048	0.023	0.041	0.002	0.066	0.045	0.047	0.04	0	0.042	0	0.032424207	0.111	0.005	0	0.04	0.033	0.035	0.047	0.039	0.042	0.033	0.056	0.029285004	0.049	0.059	0.055	0.001
246.1	0.008	0.028	0.026	0.01	0.001	0.061	0.045	0.029	0.025	0.015	0.063	0.015	0.059	0.025	0.036	0	0.049	0.029	0.021	0.044	0.035	0.007	0.013	0.261	0.028	0.036	0.001	0	0.054	0.001	0	0.02	0	0	0.003815737	0	0	0	0	0	0	0	0	0	0.006	0.014	0	0	0.009	0	0	0.007	0	0.009649123	0.007	0.009	0.003	0.011	0.004	0.002	0	0.002	0	0.016666667	0.008	0.011	0	0	0	0	0.007	0.019	0.003	0.003	0	0	0	0.008	0.016	0	0	0	0	0	0	0	0	0.015	0.006	0.007	0	0.006	0	0	0	0	0	0	0
249.2	0.0025	0.002	0.008	0.008	0.001	0.022	0.009	0.01	0.039	0.0055	0.001	0	0.007	0.008	0.021	0.002	0.005	0.007	0.009	0.011	0	0.003	0.014	0.016	0.008	0.008	0	0	0	0	0	0	0	0	0.00252331	0.034	0	0.004	0	0	0	0	0	0	0.007	0	0	0	0	0.003058104	0.001	0.001	0	0.00255848	0.008	0.009	0.017	0.006	0.006	0.006	0.01	0	0	0	0.009	0.014	0	0	0	0	0.008	0	0	0.007	0	0	0.029	0.009	0	0	0	0	0	0	0	0	0	0.014	0	0	0	0	0	0	0	0	0	0	0
252.1	0.007	0.015	0.015	0.016	0	0	0.011	0.049	0.038	0.004	0	0	0.015	0.019	0.007	0.048	0.009	0.02	0.023	0.016	0.003	0.019	0.009	0	0.02	0.015	0	0	0	0	0.004	0.012	0	0	0.004954303	0.024	0	0.005	0	0	0	0	0	0	0.01	0.031	0	0	0.004	0	0.002	0.001	0	0.007675439	0.008	0.016	0	0	0	0.005	0	0	0	0	0	0	0	0	0	0	0	0	0	0	0	0	0	0	0	0.024	0	0	0	0	0	0	0	0.003	0	0	0	0	0	0	0	0	0	0	0
255.1	0.006	0.007	0.002	0.004	0	0	0	0	0	0.0055	0.0025	0.008	0.003	0.006	0	0	0.007	0	0.007	0.019	0	0	0	0.009	0.006	0.006	0.005	0.014	0.009	0	0.011	0.02	0	0	0.002030957	0.034	0	0	0	0	0	0	0	0.012	0.003	0	0	0	0.017	0	0	0.001	0	0.006359649	0.003	0.004	0.006	0	0.006	0	0	0	0	0	0	0.005	0	0	0	0	0.003	0	0	0.007	0	0	0	0	0	0	0	0	0	0	0	0	0.067	0.015	0	0	0	0	0	0	0	0	0	0	0
258	0.007	0	0	0	0	0	0	0	0	0	0	0	0.001	0	0	0	0	0	0	0	0.002	0	0	0	0.002	0	0	0	0	0	0	0	0	0	0	0	0	0	0	0	0	0	0	0	0	0	0	0	0	0	0	0	0	0	0	0	0	0	0	0	0	0	0	0	0	0	0	0	0	0	0	0	0	0	0	0	0	0	0	0	0	0	0	0	0	0	0	0.013	0	0	0	0	0	0	0	0	0	0	0
260.4	0	0	0	0	0	0	0	0	0	0	0	0	0	0	0	0	0	0	0	0	0	0	0	0	0	0	0	0	0	0	0	0	0	0	0	0	0	0	0	0	0	0	0	0	0	0	0	0	0	0	0	0	0	0	0	0	0	0	0	0	0	0	0	0	0	0	0	0	0	0	0	0	0	0	0	0	0	0	0	0	0	0	0	0	0	0	0	0	0	0	0	0	0	0	0	0	0	0	0